!estimated covariance matrices using cov-matrix
! Data for  frequency number          1 
!  
!  
    1     10.031       88.315 
    2     10.201       88.619 
    3     10.372       92.605 
    4     10.543        89.23 
    5     10.713       86.546 
    6     10.884       88.342 
    7     11.055       84.871 
    8     11.225       87.232 
    9     11.396       88.231 
   10     11.567       87.579 
   11     11.737       86.762 
   12     11.908       87.912 
   13     12.079       89.017 
   14     12.249       87.941 
   15      12.42       89.777 
   16     12.591       88.106 
   17     12.761       88.308 
   18     12.932       86.362 
   19     13.103       85.141 
   20     13.273       85.902 
   21     13.444       84.489 
   22     13.615       85.166 
   23     13.785       86.213 
   24     13.956       85.093 
   25     14.127       85.873 
   26     14.297       87.039 
   27     14.468       84.412 
   28     14.639       86.973 
   29     14.809       86.885 
   30      14.98       86.577 
   31     15.151       88.983 
   32     15.321       84.807 
   33     15.492        85.89 
   34     15.663       85.901 
   35     15.833       85.767 
   36     16.004       85.608 
   37     16.175       84.628 
   38     16.345       85.292 
   39     16.516        84.74 
   40     16.687       86.442 
   41     16.857       84.827 
   42     17.028       83.322 
   43     17.199       84.015 
   44     17.369       83.848 
   45      17.54       84.993 
   46     17.711       85.518 
   47     17.881       85.335 
   48     18.052       89.092 
   49     18.223       86.833 
   50     18.393       87.169 
   51     18.564         86.1 
   52     18.735       85.285 
   53     18.905       88.537 
   54     19.076        86.74 
   55     19.247       87.255 
   56     19.417       82.445 
   57     19.588       83.531 
   58     19.759       83.869 
   59     19.929       87.539 
   60       20.1       86.446 
   61     20.271       82.763 
   62     20.441        82.27 
   63     20.612       82.532 
   64     20.783       82.715 
   65     20.953       81.463 
   66     21.124       82.034 
   67     21.295        84.07 
   68     21.465       81.065 
   69     21.636       83.036 
   70     21.807        82.39 
   71     21.977       83.318 
   72     22.148       78.689 
   73     22.319       79.939 
   74     22.489       80.167 
   75      22.66       81.597 
   76     22.831       80.993 
   77     23.001       80.785 
   78     23.172       80.235 
   79     23.343       80.763 
   80     23.513        79.43 
   81     23.684       79.461 
   82     23.855       79.057 
   83     24.025       81.189 
   84     24.196       80.603 
   85     24.367       82.904 
   86     24.537       80.324 
   87     24.708       81.891 
   88     24.879       83.827 
   89     25.049        79.84 
   90      25.22       80.504 
   91     25.391        79.66 
   92     25.561        80.17 
   93     25.732       79.283 
   94     25.903       80.065 
   95     26.073       81.609 
   96     26.244       80.189 
   97     26.415       80.715 
   98     26.585        81.04 
   99     26.756       80.323 
  100     26.927       81.405 
  101     27.097       80.071 
  102     27.268       80.557 
  103     27.439       82.888 
  104     27.609       80.627 
  105      27.78       79.512 
  106     27.951       80.622 
  107     28.121       81.051 
  108     28.292       81.628 
  109     28.463       78.671 
  110     28.633       80.089 
  111     28.804       80.844 
  112     28.975       81.834 
  113     29.145       80.689 
  114     29.316        80.18 
  115     29.487       80.081 
  116     29.657       78.986 
  117     29.828       80.452 
! Data for  frequency number          2 
!  
!  
    1     10.031       86.933 
    2     10.201       85.744 
    3     10.372       90.055 
    4     10.543       88.108 
    5     10.713       85.988 
    6     10.884        84.99 
    7     11.055       85.622 
    8     11.225       86.225 
    9     11.396       87.968 
   10     11.567       85.154 
   11     11.737       86.569 
   12     11.908       86.857 
   13     12.079       85.079 
   14     12.249       85.651 
   15      12.42       85.994 
   16     12.591       86.398 
   17     12.761       86.116 
   18     12.932       83.713 
   19     13.103       85.273 
   20     13.273       85.458 
   21     13.444       84.416 
   22     13.615       84.893 
   23     13.785       83.712 
   24     13.956       82.791 
   25     14.127       83.469 
   26     14.297       85.499 
   27     14.468       83.882 
   28     14.639       85.413 
   29     14.809       86.722 
   30      14.98       82.846 
   31     15.151       86.441 
   32     15.321       84.549 
   33     15.492       84.554 
   34     15.663       84.907 
   35     15.833       84.709 
   36     16.004       84.178 
   37     16.175       85.723 
   38     16.345       84.235 
   39     16.516       85.438 
   40     16.687       83.157 
   41     16.857       84.256 
   42     17.028       84.563 
   43     17.199       82.393 
   44     17.369        82.46 
   45      17.54       83.806 
   46     17.711       83.144 
   47     17.881           84 
   48     18.052       83.143 
   49     18.223       83.989 
   50     18.393       83.041 
   51     18.564       84.073 
   52     18.735       86.525 
   53     18.905       87.787 
   54     19.076       87.054 
   55     19.247       83.944 
   56     19.417       83.056 
   57     19.588       82.002 
   58     19.759       81.798 
   59     19.929       82.406 
   60       20.1       84.522 
   61     20.271       82.024 
   62     20.441       79.926 
   63     20.612       80.565 
   64     20.783       80.729 
   65     20.953        81.07 
   66     21.124       80.814 
   67     21.295       82.157 
   68     21.465       82.943 
   69     21.636       81.361 
   70     21.807       81.641 
   71     21.977       80.766 
   72     22.148       81.845 
   73     22.319       79.939 
   74     22.489        80.38 
   75      22.66       79.124 
   76     22.831       80.564 
   77     23.001       81.448 
   78     23.172       79.198 
   79     23.343        81.08 
   80     23.513       77.667 
   81     23.684       78.895 
   82     23.855       80.121 
   83     24.025       79.316 
   84     24.196       79.097 
   85     24.367        80.18 
   86     24.537       79.996 
   87     24.708       80.344 
   88     24.879        81.06 
   89     25.049       80.316 
   90      25.22       80.052 
   91     25.391       79.171 
   92     25.561       80.377 
   93     25.732       80.966 
   94     25.903       79.638 
   95     26.073       81.443 
   96     26.244       79.291 
   97     26.415       79.695 
   98     26.585       79.972 
   99     26.756       79.836 
  100     26.927       80.007 
  101     27.097       80.489 
  102     27.268       79.508 
  103     27.439       81.598 
  104     27.609       81.011 
  105      27.78       81.564 
  106     27.951       80.395 
  107     28.121       81.759 
  108     28.292       81.023 
  109     28.463       80.142 
  110     28.633       78.621 
  111     28.804           79 
  112     28.975       79.682 
  113     29.145       80.275 
  114     29.316       79.205 
  115     29.487       78.579 
  116     29.657       78.952 
  117     29.828        78.56 
! Data for  frequency number          3 
!  
!  
    1     10.031       87.443 
    2     10.201       87.209 
    3     10.372       88.835 
    4     10.543       86.954 
    5     10.713       86.629 
    6     10.884       86.824 
    7     11.055       86.758 
    8     11.225       85.198 
    9     11.396       85.228 
   10     11.567       85.193 
   11     11.737       84.853 
   12     11.908       85.294 
   13     12.079       85.649 
   14     12.249       86.039 
   15      12.42       86.635 
   16     12.591         85.1 
   17     12.761       83.855 
   18     12.932       84.089 
   19     13.103       83.657 
   20     13.273       84.988 
   21     13.444       84.541 
   22     13.615       84.556 
   23     13.785       83.236 
   24     13.956        83.61 
   25     14.127       83.258 
   26     14.297       83.808 
   27     14.468       82.673 
   28     14.639       83.646 
   29     14.809       83.643 
   30      14.98       81.741 
   31     15.151       82.993 
   32     15.321       83.311 
   33     15.492       83.284 
   34     15.663       84.193 
   35     15.833       82.519 
   36     16.004       82.921 
   37     16.175       82.492 
   38     16.345       82.872 
   39     16.516       83.723 
   40     16.687       82.558 
   41     16.857       81.854 
   42     17.028       82.254 
   43     17.199       80.964 
   44     17.369       82.804 
   45      17.54       82.483 
   46     17.711       82.015 
   47     17.881       82.554 
   48     18.052       81.553 
   49     18.223       81.537 
   50     18.393       81.787 
   51     18.564       84.577 
   52     18.735       82.566 
   53     18.905       83.501 
   54     19.076       82.223 
   55     19.247       81.257 
   56     19.417       82.865 
   57     19.588       81.146 
   58     19.759       81.027 
   59     19.929       80.453 
   60       20.1       81.195 
   61     20.271       80.205 
   62     20.441       79.708 
   63     20.612       79.391 
   64     20.783       81.224 
   65     20.953       80.025 
   66     21.124       81.427 
   67     21.295       80.209 
   68     21.465       80.092 
   69     21.636       79.511 
   70     21.807       79.102 
   71     21.977       80.719 
   72     22.148       79.425 
   73     22.319       78.617 
   74     22.489       79.777 
   75      22.66       79.215 
   76     22.831       78.168 
   77     23.001       79.636 
   78     23.172       78.978 
   79     23.343       78.761 
   80     23.513       77.639 
   81     23.684       78.229 
   82     23.855       78.326 
   83     24.025       78.663 
   84     24.196       78.372 
   85     24.367       77.898 
   86     24.537       78.046 
   87     24.708       78.493 
   88     24.879       76.837 
   89     25.049       77.667 
   90      25.22       77.403 
   91     25.391       78.046 
   92     25.561       78.039 
   93     25.732       79.388 
   94     25.903       78.889 
   95     26.073       79.232 
   96     26.244       79.442 
   97     26.415       77.965 
   98     26.585       77.969 
   99     26.756       76.498 
  100     26.927       77.664 
  101     27.097       76.933 
  102     27.268       76.761 
  103     27.439       77.216 
  104     27.609        77.68 
  105      27.78       77.526 
  106     27.951       76.138 
  107     28.121       76.943 
  108     28.292       77.366 
  109     28.463       77.264 
  110     28.633       77.797 
  111     28.804       76.161 
  112     28.975       76.963 
  113     29.145       76.003 
  114     29.316        76.58 
  115     29.487        75.83 
  116     29.657       75.746 
  117     29.828       76.458 
! Data for  frequency number          4 
!  
!  
    1     10.031       87.285 
    2     10.201       87.581 
    3     10.372       87.775 
    4     10.543        87.88 
    5     10.713       88.198 
    6     10.884       86.945 
    7     11.055       86.344 
    8     11.225       87.234 
    9     11.396       86.274 
   10     11.567       85.829 
   11     11.737       85.919 
   12     11.908       85.932 
   13     12.079        84.78 
   14     12.249       85.756 
   15      12.42       85.764 
   16     12.591       86.277 
   17     12.761       85.339 
   18     12.932       83.969 
   19     13.103        84.39 
   20     13.273       84.128 
   21     13.444       83.483 
   22     13.615       83.512 
   23     13.785       82.083 
   24     13.956       83.386 
   25     14.127       84.651 
   26     14.297        84.39 
   27     14.468       84.524 
   28     14.639       83.949 
   29     14.809       82.381 
   30      14.98       82.417 
   31     15.151       83.745 
   32     15.321        83.74 
   33     15.492       83.956 
   34     15.663       83.878 
   35     15.833       82.389 
   36     16.004       82.342 
   37     16.175       83.852 
   38     16.345       83.404 
   39     16.516       83.561 
   40     16.687       83.097 
   41     16.857       82.181 
   42     17.028       82.786 
   43     17.199       81.858 
   44     17.369       81.461 
   45      17.54       82.559 
   46     17.711       81.782 
   47     17.881       81.096 
   48     18.052       81.039 
   49     18.223       80.189 
   50     18.393       81.789 
   51     18.564       81.919 
   52     18.735       81.439 
   53     18.905       81.184 
   54     19.076       82.032 
   55     19.247       80.609 
   56     19.417        80.44 
   57     19.588         78.8 
   58     19.759       80.426 
   59     19.929       80.253 
   60       20.1       80.117 
   61     20.271       80.186 
   62     20.441       78.128 
   63     20.612       79.801 
   64     20.783       79.163 
   65     20.953       79.953 
   66     21.124       79.677 
   67     21.295       79.375 
   68     21.465       80.562 
   69     21.636       80.477 
   70     21.807       79.233 
   71     21.977       78.797 
   72     22.148       77.956 
   73     22.319       77.642 
   74     22.489       79.576 
   75      22.66        79.39 
   76     22.831       79.028 
   77     23.001       79.784 
   78     23.172       76.848 
   79     23.343       78.186 
   80     23.513         77.2 
   81     23.684       76.964 
   82     23.855       77.588 
   83     24.025       77.606 
   84     24.196       77.438 
   85     24.367       77.217 
   86     24.537       76.995 
   87     24.708       77.334 
   88     24.879       77.579 
   89     25.049       76.992 
   90      25.22        76.32 
   91     25.391        77.39 
   92     25.561       77.336 
   93     25.732       78.428 
   94     25.903       77.528 
   95     26.073       77.895 
   96     26.244       77.859 
   97     26.415       76.709 
   98     26.585       77.027 
   99     26.756       76.294 
  100     26.927       75.392 
  101     27.097       75.983 
  102     27.268        76.75 
  103     27.439       77.698 
  104     27.609       78.002 
  105      27.78       75.659 
  106     27.951        76.54 
  107     28.121       74.465 
  108     28.292       75.281 
  109     28.463       75.496 
  110     28.633       74.979 
  111     28.804       75.378 
  112     28.975       75.582 
  113     29.145       74.579 
  114     29.316       73.931 
  115     29.487       75.473 
  116     29.657       73.337 
  117     29.828       73.744 
! Data for  frequency number          5 
!  
!  
    1     10.031       85.931 
    2     10.201       85.422 
    3     10.372       86.336 
    4     10.543       85.077 
    5     10.713       85.403 
    6     10.884       84.679 
    7     11.055       84.903 
    8     11.225       84.473 
    9     11.396       84.135 
   10     11.567       83.615 
   11     11.737         83.5 
   12     11.908       83.415 
   13     12.079       83.635 
   14     12.249       84.814 
   15      12.42       85.186 
   16     12.591       83.819 
   17     12.761       83.472 
   18     12.932       82.909 
   19     13.103       83.554 
   20     13.273       82.997 
   21     13.444       83.095 
   22     13.615       83.631 
   23     13.785       82.976 
   24     13.956       82.982 
   25     14.127       82.651 
   26     14.297       83.491 
   27     14.468       82.687 
   28     14.639       81.743 
   29     14.809       82.084 
   30      14.98       81.341 
   31     15.151       81.767 
   32     15.321       81.555 
   33     15.492       81.975 
   34     15.663       81.543 
   35     15.833       79.711 
   36     16.004       80.435 
   37     16.175       80.945 
   38     16.345       79.954 
   39     16.516       79.968 
   40     16.687       80.877 
   41     16.857        81.39 
   42     17.028        80.73 
   43     17.199       80.954 
   44     17.369       80.863 
   45      17.54       79.536 
   46     17.711       79.799 
   47     17.881       80.238 
   48     18.052       79.302 
   49     18.223       79.993 
   50     18.393       79.808 
   51     18.564       79.792 
   52     18.735       80.596 
   53     18.905       79.458 
   54     19.076       79.222 
   55     19.247       78.995 
   56     19.417       79.379 
   57     19.588       78.174 
   58     19.759       78.402 
   59     19.929       77.637 
   60       20.1       78.373 
   61     20.271       77.296 
   62     20.441        77.01 
   63     20.612       77.127 
   64     20.783       77.209 
   65     20.953       77.553 
   66     21.124       75.852 
   67     21.295       76.985 
   68     21.465       76.786 
   69     21.636       77.134 
   70     21.807       77.182 
   71     21.977       76.755 
   72     22.148       76.643 
   73     22.319       77.043 
   74     22.489         77.8 
   75      22.66       77.831 
   76     22.831       76.361 
   77     23.001        78.61 
   78     23.172       78.218 
   79     23.343       77.607 
   80     23.513       76.175 
   81     23.684       77.406 
   82     23.855       73.844 
   83     24.025       75.336 
   84     24.196       74.296 
   85     24.367        76.47 
   86     24.537       75.208 
   87     24.708        75.78 
   88     24.879       75.398 
   89     25.049       76.388 
   90      25.22       75.462 
   91     25.391       75.023 
   92     25.561       75.557 
   93     25.732       73.455 
   94     25.903       75.142 
   95     26.073       73.789 
   96     26.244       74.628 
   97     26.415       74.441 
   98     26.585       74.171 
   99     26.756       73.238 
  100     26.927       72.984 
  101     27.097       73.407 
  102     27.268       74.379 
  103     27.439       72.893 
  104     27.609       71.993 
  105      27.78       72.696 
  106     27.951        72.51 
  107     28.121       73.465 
  108     28.292       74.533 
  109     28.463       72.354 
  110     28.633       72.397 
  111     28.804       72.286 
  112     28.975       72.938 
  113     29.145       73.133 
  114     29.316       73.592 
  115     29.487       72.653 
  116     29.657       71.201 
  117     29.828       71.783 
! Data for  frequency number          6 
!  
!  
    1     10.031       81.764 
    2     10.201       81.758 
    3     10.372       81.922 
    4     10.543       81.329 
    5     10.713       81.004 
    6     10.884       82.115 
    7     11.055       81.692 
    8     11.225       81.101 
    9     11.396       80.843 
   10     11.567       80.791 
   11     11.737       81.701 
   12     11.908       81.297 
   13     12.079       80.596 
   14     12.249       82.423 
   15      12.42       81.951 
   16     12.591       80.858 
   17     12.761       81.085 
   18     12.932       80.709 
   19     13.103         80.4 
   20     13.273       80.732 
   21     13.444       80.427 
   22     13.615       79.722 
   23     13.785       80.293 
   24     13.956       79.584 
   25     14.127       80.163 
   26     14.297       79.812 
   27     14.468       79.004 
   28     14.639       78.362 
   29     14.809       78.573 
   30      14.98       77.861 
   31     15.151        77.94 
   32     15.321       77.151 
   33     15.492       78.307 
   34     15.663       77.273 
   35     15.833       78.325 
   36     16.004       77.089 
   37     16.175       77.868 
   38     16.345       77.401 
   39     16.516       75.781 
   40     16.687       76.057 
   41     16.857       77.412 
   42     17.028       77.508 
   43     17.199       76.333 
   44     17.369       76.607 
   45      17.54       78.087 
   46     17.711        76.79 
   47     17.881       76.883 
   48     18.052        76.87 
   49     18.223       76.741 
   50     18.393       76.398 
   51     18.564        76.32 
   52     18.735       75.832 
   53     18.905       76.348 
   54     19.076       76.297 
   55     19.247       76.009 
   56     19.417       74.261 
   57     19.588       74.429 
   58     19.759       74.484 
   59     19.929       75.456 
   60       20.1       74.628 
   61     20.271       75.224 
   62     20.441       74.311 
   63     20.612       73.729 
   64     20.783       74.409 
   65     20.953       73.736 
   66     21.124       73.572 
   67     21.295       74.215 
   68     21.465       73.586 
   69     21.636       73.914 
   70     21.807       71.994 
   71     21.977       73.398 
   72     22.148       72.479 
   73     22.319       73.295 
   74     22.489       73.581 
   75      22.66       74.688 
   76     22.831       74.081 
   77     23.001       73.557 
   78     23.172       71.718 
   79     23.343       72.663 
   80     23.513       72.639 
   81     23.684       71.877 
   82     23.855        70.86 
   83     24.025       72.853 
   84     24.196       71.692 
   85     24.367       72.425 
   86     24.537       71.256 
   87     24.708       71.066 
   88     24.879       71.029 
   89     25.049        70.86 
   90      25.22       70.349 
   91     25.391       70.183 
   92     25.561       70.338 
   93     25.732       70.082 
   94     25.903       71.059 
   95     26.073        71.63 
   96     26.244       69.355 
   97     26.415       68.186 
   98     26.585       69.788 
   99     26.756       68.417 
  100     26.927       68.415 
  101     27.097       68.894 
  102     27.268        68.43 
  103     27.439       67.746 
  104     27.609       67.674 
  105      27.78       67.302 
  106     27.951       68.025 
  107     28.121       67.728 
  108     28.292       68.203 
  109     28.463        69.63 
  110     28.633       67.986 
  111     28.804       68.098 
  112     28.975       67.192 
  113     29.145       68.403 
  114     29.316       66.564 
  115     29.487       67.482 
  116     29.657       67.153 
  117     29.828       68.813 
!  
