 'KRAKEN- General mismatch case                               '
    250.0000    
           20
    5.000000    
    10.00000    
    15.00000    
    20.00000    
    25.00000    
    30.00000    
    35.00000    
    40.00000    
    45.00000    
    50.00000    
    55.00000    
    60.00000    
    65.00000    
    70.00000    
    75.00000    
    80.00000    
    85.00000    
    90.00000    
    95.00000    
    100.0000    
  1  1 (  0.3188542,  0.0000000 )
  1  2 (  0.0771858,  0.0818356 )
  1  3 ( -0.3789776,  0.0901250 )
  1  4 ( -0.3249493, -0.0882014 )
  1  5 (  0.1775292, -0.2057109 )
  1  6 (  0.3678560, -0.0118725 )
  1  7 ( -0.0162864,  0.2120647 )
  1  8 ( -0.3706396,  0.0005722 )
  1  9 ( -0.2165752, -0.4505859 )
  1 10 (  0.0903185, -0.4367771 )
  1 11 ( -0.0285936,  0.1346495 )
  1 12 ( -0.5137180,  0.4974222 )
  1 13 ( -0.8052550,  0.1677530 )
  1 14 ( -0.6257125, -0.3815568 )
  1 15 ( -0.3070662, -0.5272994 )
  1 16 ( -0.3290295, -0.3340348 )
  1 17 ( -0.6633790, -0.2504853 )
  1 18 ( -0.7448028, -0.4557771 )
  1 19 ( -0.2218485, -0.7605605 )
  1 20 (  0.4433843, -0.8535248 )
  2  1 (  0.0771858, -0.0818356 )
  2  2 (  0.0397819,  0.0000000 )
  2  3 ( -0.0684770,  0.1191076 )
  2  4 ( -0.1012734,  0.0620948 )
  2  5 ( -0.0099197, -0.0953447 )
  2  6 (  0.0859185, -0.0973269 )
  2  7 (  0.0505240,  0.0554730 )
  2  8 ( -0.0895052,  0.0953089 )
  2  9 ( -0.1680942, -0.0533690 )
  2 10 ( -0.0903022, -0.1288365 )
  2 11 (  0.0276659,  0.0399032 )
  2 12 (  0.0034690,  0.2522190 )
  2 13 ( -0.1516992,  0.2473439 )
  2 14 ( -0.2493190,  0.0683762 )
  2 15 ( -0.2096680, -0.0486985 )
  2 16 ( -0.1653559,  0.0036896 )
  2 17 ( -0.2247684,  0.1097515 )
  2 18 ( -0.2971771,  0.0809973 )
  2 19 ( -0.2489549, -0.1270023 )
  2 20 ( -0.1119151, -0.3202906 )
  3  1 ( -0.3789776, -0.0901250 )
  3  2 ( -0.0684770, -0.1191076 )
  3  3 (  0.4761760,  0.0000000 )
  3  4 (  0.3614194,  0.1967542 )
  3  5 ( -0.2693087,  0.1943929 )
  3  6 ( -0.4407761, -0.0899076 )
  3  7 (  0.0793247, -0.2475504 )
  3  8 (  0.4408593,  0.1041338 )
  3  9 (  0.1301024,  0.5970148 )
  3 10 ( -0.2308956,  0.4938007 )
  3 11 (  0.0720826, -0.1520267 )
  3 12 (  0.7514941, -0.4461945 )
  3 13 (  1.0049163,  0.0282356 )
  3 14 (  0.6361026,  0.6306177 )
  3 15 (  0.2160081,  0.7138076 )
  3 16 (  0.2967767,  0.4902216 )
  3 17 (  0.7179605,  0.4854168 )
  3 18 (  0.7567245,  0.7525338 )
  3 19 (  0.0487251,  0.9670693 )
  3 20 ( -0.7685481,  0.8895112 )
  4  1 ( -0.3249493,  0.0882014 )
  4  2 ( -0.1012734, -0.0620948 )
  4  3 (  0.3614194, -0.1967542 )
  4  4 (  0.3557231,  0.0000000 )
  4  5 ( -0.1240132,  0.2588467 )
  4  6 ( -0.3717527,  0.1139063 )
  4  7 ( -0.0421448, -0.2206959 )
  4  8 (  0.3776779, -0.1031558 )
  4  9 (  0.3455234,  0.3994060 )
  4 10 (  0.0288204,  0.4702614 )
  4 11 ( -0.0081248, -0.1451791 )
  4 12 (  0.3860453, -0.6492773 )
  4 13 (  0.7744943, -0.3938908 )
  4 14 (  0.7434818,  0.2157980 )
  4 15 (  0.4589799,  0.4525691 )
  4 16 (  0.4278850,  0.2494673 )
  4 17 (  0.7456073,  0.0717523 )
  4 18 (  0.8854349,  0.2585013 )
  4 19 (  0.4366774,  0.7139565 )
  4 20 ( -0.2157754,  0.9928456 )
  5  1 (  0.1775292,  0.2057109 )
  5  2 ( -0.0099197,  0.0953447 )
  5  3 ( -0.2693087, -0.1943929 )
  5  4 ( -0.1240132, -0.2588467 )
  5  5 (  0.2317714,  0.0000000 )
  5  6 (  0.2125964,  0.2308242 )
  5  7 ( -0.1460035,  0.1076269 )
  5  8 ( -0.2068615, -0.2389174 )
  5  9 (  0.1702061, -0.3908073 )
  5 10 (  0.3322439, -0.1850119 )
  5 11 ( -0.1028461,  0.0565631 )
  5 12 ( -0.6072391, -0.0544949 )
  5 13 ( -0.5568438, -0.4263185 )
  5 14 ( -0.1022687, -0.6164200 )
  5 15 (  0.1693041, -0.4919333 )
  5 16 (  0.0323200, -0.3984528 )
  5 17 ( -0.2078601, -0.5677161 )
  5 18 ( -0.1207042, -0.7346236 )
  5 19 (  0.3673377, -0.5668683 )
  5 20 (  0.7979025, -0.1892768 )
  6  1 (  0.3678560,  0.0118725 )
  6  2 (  0.0859185,  0.0973269 )
  6  3 ( -0.4407761,  0.0899076 )
  6  4 ( -0.3717527, -0.1139063 )
  6  5 (  0.2125964, -0.2308242 )
  6  6 (  0.4250972,  0.0000000 )
  6  7 ( -0.0266457,  0.2441659 )
  6  8 ( -0.4278477, -0.0131493 )
  6  9 ( -0.2332546, -0.5281429 )
  6 10 (  0.1204963, -0.5007622 )
  6 11 ( -0.0379965,  0.1543547 )
  6 12 ( -0.6114597,  0.5550038 )
  6 13 ( -0.9356838,  0.1636466 )
  6 14 ( -0.7079833, -0.4636889 )
  6 15 ( -0.3347840, -0.6200442 )
  6 16 ( -0.3673422, -0.3977948 )
  6 17 ( -0.7563495, -0.3138097 )
  6 18 ( -0.8426833, -0.5537854 )
  6 19 ( -0.2277567, -0.8861041 )
  6 20 (  0.5435256, -0.9686415 )
  7  1 ( -0.0162864, -0.2120647 )
  7  2 (  0.0505240, -0.0554730 )
  7  3 (  0.0793247,  0.2475504 )
  7  4 ( -0.0421448,  0.2206959 )
  7  5 ( -0.1460035, -0.1076269 )
  7  6 ( -0.0266457, -0.2441659 )
  7  7 (  0.1420496,  0.0000000 )
  7  8 (  0.0193327,  0.2465936 )
  7  9 ( -0.2888373,  0.1671360 )
  7 10 ( -0.2952943, -0.0377837 )
  7 11 (  0.0910687,  0.0121418 )
  7 12 (  0.3572454,  0.3164339 )
  7 13 (  0.1527580,  0.5272716 )
  7 14 ( -0.2219360,  0.4358465 )
  7 15 ( -0.3351898,  0.2312598 )
  7 16 ( -0.2054687,  0.2360074 )
  7 17 ( -0.1327975,  0.4542164 )
  7 18 ( -0.2652411,  0.5188797 )
  7 19 ( -0.4947649,  0.1864718 )
  7 20 ( -0.5906029, -0.2514374 )
  8  1 ( -0.3706396, -0.0005722 )
  8  2 ( -0.0895052, -0.0953089 )
  8  3 (  0.4408593, -0.1041338 )
  8  4 (  0.3776779,  0.1031558 )
  8  5 ( -0.2068615,  0.2389174 )
  8  6 ( -0.4278477,  0.0131493 )
  8  7 (  0.0193327, -0.2465936 )
  8  8 (  0.4311135,  0.0000000 )
  8  9 (  0.2511130,  0.5243999 )
  8 10 ( -0.1058499,  0.5077845 )
  8 11 (  0.0334401, -0.1565471 )
  8 12 (  0.5983142, -0.5775712 )
  8 13 (  0.9367965, -0.1936705 )
  8 14 (  0.7269984,  0.4448310 )
  8 15 (  0.3561689,  0.6137658 )
  8 16 (  0.3820685,  0.3890516 )
  8 17 (  0.7710332,  0.2924755 )
  8 18 (  0.8653587,  0.5313577 )
  8 19 (  0.2566669,  0.8848883 )
  8 20 ( -0.5171356,  0.9918287 )
  9  1 ( -0.2165752,  0.4505859 )
  9  2 ( -0.1680942,  0.0533690 )
  9  3 (  0.1301024, -0.5970148 )
  9  4 (  0.3455234, -0.3994060 )
  9  5 (  0.1702061,  0.3908073 )
  9  6 ( -0.2332546,  0.5281429 )
  9  7 ( -0.2888373, -0.1671360 )
  9  8 (  0.2511130, -0.5243999 )
  9  9 (  0.7843782,  0.0000000 )
  9 10 (  0.5562010,  0.4245123 )
  9 11 ( -0.1710138, -0.1319327 )
  9 12 ( -0.3542178, -1.0643872 )
  9 13 (  0.3100799, -1.2525547 )
  9 14 (  0.9647317, -0.6253783 )
  9 15 (  0.9542227, -0.0757994 )
  9 16 (  0.6958947, -0.2382014 )
  9 17 (  0.8049953, -0.7677095 )
  9 18 (  1.1505736, -0.7433150 )
  9 19 (  1.2261102,  0.2032042 )
  9 20 (  0.9054769,  1.2069420 )
 10  1 (  0.0903185,  0.4367771 )
 10  2 ( -0.0903022,  0.1288365 )
 10  3 ( -0.2308956, -0.4938007 )
 10  4 (  0.0288204, -0.4702614 )
 10  5 (  0.3322439,  0.1850119 )
 10  6 (  0.1204963,  0.5007622 )
 10  7 ( -0.2952943,  0.0377837 )
 10  8 ( -0.1058499, -0.5077845 )
 10  9 (  0.5562010, -0.4245123 )
 10 10 (  0.6242920,  0.0000000 )
 10 11 ( -0.1926215, -0.0010290 )
 10 12 ( -0.8273653, -0.5631139 )
 10 13 ( -0.4581419, -1.0560958 )
 10 14 (  0.3456409, -0.9656674 )
 10 15 (  0.6356821, -0.5702563 )
 10 16 (  0.3645627, -0.5456108 )
 10 17 (  0.1553174, -0.9801649 )
 10 18 (  0.4135946, -1.1499188 )
 10 19 (  0.9794918, -0.5195746 )
 10 20 (  1.2954260,  0.3657962 )
 11  1 ( -0.0285936, -0.1346495 )
 11  2 (  0.0276659, -0.0399032 )
 11  3 (  0.0720826,  0.1520267 )
 11  4 ( -0.0081248,  0.1451791 )
 11  5 ( -0.1028461, -0.0565631 )
 11  6 ( -0.0379965, -0.1543547 )
 11  7 (  0.0910687, -0.0121418 )
 11  8 (  0.0334401,  0.1565471 )
 11  9 ( -0.1710138,  0.1319327 )
 11 10 ( -0.1926215,  0.0010290 )
 11 11 (  0.0595480,  0.0000000 )
 11 12 (  0.2562806,  0.1724249 )
 11 13 (  0.1430605,  0.3251853 )
 11 14 ( -0.1051237,  0.2986122 )
 11 15 ( -0.1952333,  0.1770497 )
 11 16 ( -0.1115985,  0.1689815 )
 11 17 ( -0.0463242,  0.3027534 )
 11 18 ( -0.1257558,  0.3555766 )
 11 19 ( -0.3014430,  0.1619660 )
 11 20 ( -0.4004160, -0.1107623 )
 12  1 ( -0.5137180, -0.4974222 )
 12  2 (  0.0034690, -0.2522190 )
 12  3 (  0.7514941,  0.4461945 )
 12  4 (  0.3860453,  0.6492773 )
 12  5 ( -0.6072391,  0.0544949 )
 12  6 ( -0.6114597, -0.5550038 )
 12  7 (  0.3572454, -0.3164339 )
 12  8 (  0.5983142,  0.5775712 )
 12  9 ( -0.3542178,  1.0643872 )
 12 10 ( -0.8273653,  0.5631139 )
 12 11 (  0.2562806, -0.1724249 )
 12 12 (  1.6045909,  0.0000000 )
 12 13 (  1.5599103,  0.9864652 )
 12 14 (  0.4130048,  1.5916932 )
 12 15 ( -0.3280921,  1.3292674 )
 12 16 (  0.0090292,  1.0520217 )
 12 17 (  0.6783908,  1.4392065 )
 12 18 (  0.4892023,  1.8972019 )
 12 19 ( -0.8294927,  1.5722661 )
 12 20 ( -2.0469425,  0.6838166 )
 13  1 ( -0.8052550, -0.1677530 )
 13  2 ( -0.1516992, -0.2473439 )
 13  3 (  1.0049163, -0.0282356 )
 13  4 (  0.7744943,  0.3938908 )
 13  5 ( -0.5568438,  0.4263185 )
 13  6 ( -0.9356838, -0.1636466 )
 13  7 (  0.1527580, -0.5272716 )
 13  8 (  0.9367965,  0.1936705 )
 13  9 (  0.3100799,  1.2525547 )
 13 10 ( -0.4581419,  1.0560958 )
 13 11 (  0.1430605, -0.3251853 )
 13 12 (  1.5599103, -0.9864652 )
 13 13 (  2.1231017,  0.0000000 )
 13 14 (  1.3801960,  1.2934791 )
 13 15 (  0.4982511,  1.4940000 )
 13 16 (  0.6555249,  1.0172311 )
 13 17 (  1.5443777,  0.9821231 )
 13 18 (  1.6420404,  1.5436924 )
 13 19 (  0.1602084,  2.0385375 )
 13 20 ( -1.5696099,  1.9232820 )
 14  1 ( -0.6257125,  0.3815568 )
 14  2 ( -0.2493190, -0.0683762 )
 14  3 (  0.6361026, -0.6306177 )
 14  4 (  0.7434818, -0.2157980 )
 14  5 ( -0.1022687,  0.6164200 )
 14  6 ( -0.7079833,  0.4636889 )
 14  7 ( -0.2219360, -0.4358465 )
 14  8 (  0.7269984, -0.4448310 )
 14  9 (  0.9647317,  0.6253783 )
 14 10 (  0.3456409,  0.9656674 )
 14 11 ( -0.1051237, -0.2986122 )
 14 12 (  0.4130048, -1.5916932 )
 14 13 (  1.3801960, -1.2934791 )
 14 14 (  1.6854166,  0.0000000 )
 14 15 (  1.2342169,  0.6676452 )
 14 16 (  1.0458840,  0.2618880 )
 14 17 (  1.6023293, -0.3024494 )
 14 18 (  2.0080128,  0.0031254 )
 14 19 (  1.3461885,  1.2276424 )
 14 20 (  0.1513977,  2.2066381 )
 15  1 ( -0.3070662,  0.5272994 )
 15  2 ( -0.2096680,  0.0486985 )
 15  3 (  0.2160081, -0.7138076 )
 15  4 (  0.4589799, -0.4525691 )
 15  5 (  0.1693041,  0.4919333 )
 15  6 ( -0.3347840,  0.6200442 )
 15  7 ( -0.3351898, -0.2312598 )
 15  8 (  0.3561689, -0.6137658 )
 15  9 (  0.9542227,  0.0757994 )
 15 10 (  0.6356821,  0.5702563 )
 15 11 ( -0.1952333, -0.1770497 )
 15 12 ( -0.3280921, -1.3292674 )
 15 13 (  0.4982511, -1.4940000 )
 15 14 (  1.2342169, -0.6676452 )
 15 15 (  1.1684070,  0.0000000 )
 15 16 (  0.8697263, -0.2225709 )
 15 17 (  1.0535499, -0.8562748 )
 15 18 (  1.4717022, -0.7931887 )
 15 19 (  1.4721988,  0.3657373 )
 15 20 (  0.9850574,  1.5559903 )
 16  1 ( -0.3290295,  0.3340348 )
 16  2 ( -0.1653559, -0.0036896 )
 16  3 (  0.2967767, -0.4902216 )
 16  4 (  0.4278850, -0.2494673 )
 16  5 (  0.0323200,  0.3984528 )
 16  6 ( -0.3673422,  0.3977948 )
 16  7 ( -0.2054687, -0.2360074 )
 16  8 (  0.3820685, -0.3890516 )
 16  9 (  0.6958947,  0.2382014 )
 16 10 (  0.3645627,  0.5456108 )
 16 11 ( -0.1115985, -0.1689815 )
 16 12 (  0.0090292, -1.0520217 )
 16 13 (  0.6555249, -1.0172311 )
 16 14 (  1.0458840, -0.2618880 )
 16 15 (  0.8697263,  0.2225709 )
 16 16 (  0.6898953,  0.0000000 )
 16 17 (  0.9474556, -0.4367051 )
 16 18 (  1.2466298, -0.3100902 )
 16 19 (  1.0262023,  0.5527064 )
 16 20 (  0.4368738,  1.3459446 )
 17  1 ( -0.6633790,  0.2504853 )
 17  2 ( -0.2247684, -0.1097515 )
 17  3 (  0.7179605, -0.4854168 )
 17  4 (  0.7456073, -0.0717523 )
 17  5 ( -0.2078601,  0.5677161 )
 17  6 ( -0.7563495,  0.3138097 )
 17  7 ( -0.1327975, -0.4542164 )
 17  8 (  0.7710332, -0.2924755 )
 17  9 (  0.8049953,  0.7677095 )
 17 10 (  0.1553174,  0.9801649 )
 17 11 ( -0.0463242, -0.3027534 )
 17 12 (  0.6783908, -1.4392065 )
 17 13 (  1.5443777, -0.9821231 )
 17 14 (  1.6023293,  0.3024494 )
 17 15 (  1.0535499,  0.8562748 )
 17 16 (  0.9474556,  0.4367051 )
 17 17 (  1.5778406,  0.0000000 )
 17 18 (  1.9086033,  0.3633277 )
 17 19 (  1.0595214,  1.4087852 )
 17 20 ( -0.2520909,  2.1251695 )
 18  1 ( -0.7448028,  0.4557771 )
 18  2 ( -0.2971771, -0.0809973 )
 18  3 (  0.7567245, -0.7525338 )
 18  4 (  0.8854349, -0.2585013 )
 18  5 ( -0.1207042,  0.7346236 )
 18  6 ( -0.8426833,  0.5537854 )
 18  7 ( -0.2652411, -0.5188797 )
 18  8 (  0.8653587, -0.5313577 )
 18  9 (  1.1505736,  0.7433150 )
 18 10 (  0.4135946,  1.1499188 )
 18 11 ( -0.1257558, -0.3555766 )
 18 12 (  0.4892023, -1.8972019 )
 18 13 (  1.6420404, -1.5436924 )
 18 14 (  2.0080128, -0.0031254 )
 18 15 (  1.4717022,  0.7931887 )
 18 16 (  1.2466298,  0.3100902 )
 18 17 (  1.9086033, -0.3633277 )
 18 18 (  2.3925364,  0.0000000 )
 18 19 (  1.6062034,  1.4601887 )
 18 20 (  0.1843999,  2.6288412 )
 19  1 ( -0.2218485,  0.7605605 )
 19  2 ( -0.2489549,  0.1270023 )
 19  3 (  0.0487251, -0.9670693 )
 19  4 (  0.4366774, -0.7139565 )
 19  5 (  0.3673377,  0.5668683 )
 19  6 ( -0.2277567,  0.8861041 )
 19  7 ( -0.4947649, -0.1864718 )
 19  8 (  0.2566669, -0.8848883 )
 19  9 (  1.2261102, -0.2032042 )
 19 10 (  0.9794918,  0.5195746 )
 19 11 ( -0.3014430, -0.1619660 )
 19 12 ( -0.8294927, -1.5722661 )
 19 13 (  0.1602084, -2.0385375 )
 19 14 (  1.3461885, -1.2276424 )
 19 15 (  1.4721988, -0.3657373 )
 19 16 (  1.0262023, -0.5527064 )
 19 17 (  1.0595214, -1.4087852 )
 19 18 (  1.6062034, -1.4601887 )
 19 19 (  1.9695971,  0.0000000 )
 19 20 (  1.7282825,  1.6523004 )
 20  1 (  0.4433843,  0.8535248 )
 20  2 ( -0.1119151,  0.3202906 )
 20  3 ( -0.7685481, -0.8895112 )
 20  4 ( -0.2157754, -0.9928456 )
 20  5 (  0.7979025,  0.1892768 )
 20  6 (  0.5435256,  0.9686415 )
 20  7 ( -0.5906029,  0.2514374 )
 20  8 ( -0.5171356, -0.9918287 )
 20  9 (  0.9054769, -1.2069420 )
 20 10 (  1.2954260, -0.3657962 )
 20 11 ( -0.4004160,  0.1107623 )
 20 12 ( -2.0469425, -0.6838166 )
 20 13 ( -1.5696099, -1.9232820 )
 20 14 (  0.1513977, -2.2066381 )
 20 15 (  0.9850574, -1.5559903 )
 20 16 (  0.4368738, -1.3459446 )
 20 17 ( -0.2520909, -2.1251695 )
 20 18 (  0.1843999, -2.6288412 )
 20 19 (  1.7282825, -1.6523004 )
 20 20 (  2.9028621,  0.0000000 )

