! File format: Hydrophone vectors
! Water sound speed (m/s)                    1499.4000244
! Water sound speed (m/s)                    1481.5999756
! Source range (m)                            930.0000000
! Source depth (m)                             78.0000000
! Repeater geometry                            10.0000000
! Repeater geometry                          1000.0000000
  sspmis_a   from the matched field workshop 93              
   200.0000              61           1
          20
      5.00
     10.00
     15.00
     20.00
     25.00
     30.00
     35.00
     40.00
     45.00
     50.00
     55.00
     60.00
     65.00
     70.00
     75.00
     80.00
     85.00
     90.00
     95.00
    100.00
           1 (1.6585657E-06,-1.9275556E-06)  2.5428942E-06
           2 (2.4463818E-06,-3.3942233E-06)  4.1839617E-06
           3 (1.5355624E-06,-2.5720387E-06)  2.9955527E-06
           4 (-1.4033590E-07,5.7079700E-07)  5.8779534E-07
           5 (-1.0541773E-06,3.2911266E-06)  3.4558363E-06
           6 (-1.0381048E-06,3.3987938E-06)  3.5537953E-06
           7 (-6.1885879E-07,1.1090043E-06)  1.2699909E-06
           8 (-5.9120282E-07,-1.7326117E-06)  1.8307005E-06
           9 (-1.2472668E-06,-3.0973115E-06)  3.3390138E-06
          10 (-1.4667087E-06,-2.1500236E-06)  2.6026594E-06
          11 (-2.9487609E-07,9.2302628E-08)  3.0898491E-07
          12 (1.9912168E-06,1.5079181E-06)  2.4977512E-06
          13 (3.4731574E-06,1.3780527E-06)  3.7365562E-06
          14 (1.4670366E-06,1.0684236E-06)  1.8148623E-06
          15 (-2.0052580E-06,1.0504064E-06)  2.2637166E-06
          16 (-1.7385140E-06,6.3870857E-07)  1.8521284E-06
          17 (7.6029647E-07,2.2837213E-08)  7.6063935E-07
          18 (5.4906883E-07,-1.0399076E-06)  1.1759611E-06
          19 (-1.2266978E-06,-2.5365266E-06)  2.8175796E-06
          20 (-1.4900680E-06,-2.2330519E-06)  2.6845528E-06
  sspmis_a   from the matched field workshop 93              
   210.0000              61           1
          20
      5.00
     10.00
     15.00
     20.00
     25.00
     30.00
     35.00
     40.00
     45.00
     50.00
     55.00
     60.00
     65.00
     70.00
     75.00
     80.00
     85.00
     90.00
     95.00
    100.00
           1 (-3.4047707E-06,3.6660883E-06)  5.0032659E-06
           2 (-4.2186507E-06,6.0453876E-06)  7.3718197E-06
           3 (-2.1403221E-06,3.1213101E-06)  3.7846473E-06
           4 (5.4338864E-07,-2.3462612E-06)  2.4083631E-06
           5 (1.5123455E-06,-5.2629393E-06)  5.4759216E-06
           6 (1.0491749E-06,-5.0793219E-06)  5.1865477E-06
           7 (9.5625205E-07,-1.0349750E-06)  1.4091100E-06
           8 (1.5685602E-06,4.9524756E-06)  5.1949396E-06
           9 (1.8426460E-06,6.6744956E-06)  6.9241778E-06
          10 (1.0649753E-06,2.5525965E-06)  2.7658491E-06
          11 (-1.1647996E-06,-1.9221980E-06)  2.2475772E-06
          12 (-3.7094942E-06,-2.2430254E-06)  4.3349173E-06
          13 (-3.0569031E-06,-1.2490569E-06)  3.3022416E-06
          14 (1.2297185E-06,-2.3203565E-06)  2.6260734E-06
          15 (3.9675533E-06,-3.3387405E-06)  5.1854286E-06
          16 (2.1432734E-06,-2.2970476E-06)  3.1416632E-06
          17 (-1.2975283E-06,1.5028913E-06)  1.9855131E-06
          18 (-2.4490550E-06,5.0410640E-06)  5.6044801E-06
          19 (-4.9056052E-07,2.9482094E-06)  2.9887435E-06
          20 (1.0173621E-06,5.7272558E-08)  1.0189730E-06
  sspmis_a   from the matched field workshop 93              
   220.0000              61           1
          20
      5.00
     10.00
     15.00
     20.00
     25.00
     30.00
     35.00
     40.00
     45.00
     50.00
     55.00
     60.00
     65.00
     70.00
     75.00
     80.00
     85.00
     90.00
     95.00
    100.00
           1 (8.6452228E-06,-1.0953709E-06)  8.7143399E-06
           2 (1.1982535E-05,2.2102058E-06)  1.2184670E-05
           3 (5.5077840E-06,2.9960233E-06)  6.2699155E-06
           4 (-5.8328719E-06,-2.3704587E-07)  5.8376868E-06
           5 (-1.0690670E-05,1.9227200E-06)  1.0862195E-05
           6 (-6.6368798E-06,4.5229599E-06)  8.0315212E-06
           7 (7.6550270E-07,-2.1427454E-06)  2.2753795E-06
           8 (6.8574500E-06,-8.0040818E-06)  1.0539921E-05
           9 (7.4983545E-06,-5.7412558E-06)  9.4439047E-06
          10 (3.2552466E-06,-3.4565636E-07)  3.2735468E-06
          11 (5.8286446E-08,6.1744045E-06)  6.1746796E-06
          12 (-2.3858502E-07,7.7527166E-06)  7.7563873E-06
          13 (-1.3210566E-06,-6.8976320E-08)  1.3228562E-06
          14 (-5.8385281E-06,-5.6904892E-06)  8.1529179E-06
          15 (-8.6642813E-06,-2.4540282E-06)  9.0051108E-06
          16 (-2.9455296E-06,-3.1468662E-07)  2.9622918E-06
          17 (5.3405624E-06,-1.2789690E-06)  5.4915727E-06
          18 (6.6474331E-06,7.3652529E-07)  6.6881116E-06
          19 (3.5350495E-06,3.4782879E-06)  4.9593409E-06
          20 (1.2993542E-06,3.9162423E-06)  4.1261696E-06
  sspmis_a   from the matched field workshop 93              
   230.0000              61           1
          20
      5.00
     10.00
     15.00
     20.00
     25.00
     30.00
     35.00
     40.00
     45.00
     50.00
     55.00
     60.00
     65.00
     70.00
     75.00
     80.00
     85.00
     90.00
     95.00
    100.00
           1 (4.0867872E-07,-7.8448320E-06)  7.8554694E-06
           2 (1.1176235E-06,-1.1693664E-05)  1.1746952E-05
           3 (3.2864682E-07,-4.3627642E-06)  4.3751252E-06
           4 (1.9889794E-06,7.4091577E-06)  7.6714832E-06
           5 (4.3841806E-06,1.1090570E-05)  1.1925677E-05
           6 (7.1935506E-07,5.7149114E-06)  5.7600073E-06
           7 (-3.8809662E-06,-3.0257597E-06)  4.9210894E-06
           8 (-5.0436261E-06,-7.0925967E-06)  8.7030503E-06
           9 (-4.3804407E-06,-4.4141429E-06)  6.2187555E-06
          10 (2.6391190E-06,-2.7706735E-06)  3.8264320E-06
          11 (1.0394384E-05,-2.3994248E-06)  1.0667730E-05
          12 (5.4123793E-06,5.9189665E-07)  5.4446482E-06
          13 (-4.6322934E-06,3.0132946E-06)  5.5261276E-06
          14 (-6.4638134E-06,5.4669954E-06)  8.4657504E-06
          15 (-3.6018744E-06,5.2332357E-06)  6.3529719E-06
          16 (-2.0658497E-06,-1.3796980E-06)  2.4842104E-06
          17 (-1.3505585E-06,-3.9454408E-06)  4.1701933E-06
          18 (2.6451726E-06,-1.4974860E-06)  3.0396384E-06
          19 (7.6420638E-06,-1.8570888E-06)  7.8644716E-06
          20 (5.2129499E-06,-1.5372370E-06)  5.4348820E-06
  sspmis_a   from the matched field workshop 93              
   240.0000              61           1
          20
      5.00
     10.00
     15.00
     20.00
     25.00
     30.00
     35.00
     40.00
     45.00
     50.00
     55.00
     60.00
     65.00
     70.00
     75.00
     80.00
     85.00
     90.00
     95.00
    100.00
           1 (-6.1476817E-06,-3.5595424E-06)  7.1038253E-06
           2 (-3.3434453E-06,-4.0237146E-06)  5.2315299E-06
           3 (8.5016723E-09,-7.4355194E-07)  7.4360054E-07
           4 (2.2664112E-06,1.6004354E-06)  2.7745293E-06
           5 (6.9489561E-06,1.9457505E-06)  7.2162270E-06
           6 (3.3310155E-06,1.9632910E-06)  3.8665457E-06
           7 (-5.5019232E-06,1.3696006E-06)  5.6698291E-06
           8 (-4.7538224E-06,4.4071862E-07)  4.7742078E-06
           9 (-6.0083062E-07,-1.2930507E-06)  1.4258252E-06
          10 (1.2651258E-06,-3.3943720E-06)  3.6224721E-06
          11 (3.0239880E-06,-4.4839512E-06)  5.4083566E-06
          12 (1.6007295E-06,-2.1313422E-06)  2.6655121E-06
          13 (2.1514518E-07,3.9240776E-06)  3.9299712E-06
          14 (-3.7982431E-07,5.2040682E-06)  5.2179107E-06
          15 (-2.8914060E-06,7.4806928E-07)  2.9866094E-06
          16 (-2.8380191E-06,1.1278394E-07)  2.8402592E-06
          17 (-7.6393604E-07,5.4663394E-07)  9.3936518E-07
          18 (1.9521287E-06,-2.2932634E-06)  3.0116214E-06
          19 (3.9003403E-06,-2.8261852E-06)  4.8166353E-06
          20 (1.7160870E-06,-1.3321746E-06)  2.1724741E-06
  sspmis_a   from the matched field workshop 93              
   250.0000              61           1
          20
      5.00
     10.00
     15.00
     20.00
     25.00
     30.00
     35.00
     40.00
     45.00
     50.00
     55.00
     60.00
     65.00
     70.00
     75.00
     80.00
     85.00
     90.00
     95.00
    100.00
           1 (-4.4815242E-06,8.4899557E-07)  4.5612337E-06
           2 (-5.4548655E-06,-4.0497753E-07)  5.4698780E-06
           3 (-1.0747359E-06,-7.9500012E-07)  1.3368181E-06
           4 (4.8919746E-06,-8.0132236E-07)  4.9571699E-06
           5 (5.0470117E-06,-1.3542183E-06)  5.2255368E-06
           6 (2.7795406E-07,9.0554022E-07)  9.4723890E-07
           7 (-1.5667375E-06,3.4669690E-06)  3.8045421E-06
           8 (-2.2193965E-06,3.6661736E-06)  4.2856213E-06
           9 (-2.4118947E-06,-1.0220767E-06)  2.6195185E-06
          10 (9.9263684E-07,-6.0490702E-06)  6.1299738E-06
          11 (1.4283498E-06,-3.0532594E-06)  3.3708420E-06
          12 (3.7524009E-07,-2.5662683E-07)  4.5460143E-07
          13 (2.5059858E-06,9.1471406E-07)  2.6677080E-06
          14 (9.1934078E-07,3.2537957E-06)  3.3811793E-06
          15 (-3.9186179E-06,2.3847495E-06)  4.5872212E-06
          16 (-3.6730585E-06,1.2551463E-06)  3.8815911E-06
          17 (7.9847024E-07,-5.4841246E-07)  9.6866449E-07
          18 (1.7763372E-06,-1.9524480E-06)  2.6395883E-06
          19 (1.8830394E-06,-1.9158122E-06)  2.6862938E-06
          20 (2.9434048E-06,-2.0738121E-06)  3.6006011E-06
  sspmis_a   from the matched field workshop 93              
   260.0000              61           1
          20
      5.00
     10.00
     15.00
     20.00
     25.00
     30.00
     35.00
     40.00
     45.00
     50.00
     55.00
     60.00
     65.00
     70.00
     75.00
     80.00
     85.00
     90.00
     95.00
    100.00
           1 (-7.7328314E-06,1.6542682E-06)  7.9077990E-06
           2 (-2.9577609E-06,2.6399239E-06)  3.9645361E-06
           3 (-1.0520839E-06,-3.2929827E-07)  1.1024146E-06
           4 (2.2592192E-06,-4.4464505E-06)  4.9874839E-06
           5 (6.9554949E-06,-2.7144551E-06)  7.4664031E-06
           6 (2.8753107E-08,2.9942862E-06)  2.9944242E-06
           7 (-3.2241164E-06,5.4320544E-06)  6.3168141E-06
           8 (5.8784053E-07,3.3946092E-06)  3.4451311E-06
           9 (-2.4808646E-06,-1.3000849E-06)  2.8008767E-06
          10 (-2.1852841E-06,-5.2346236E-06)  5.6724552E-06
          11 (2.7760011E-06,-5.0982908E-06)  5.8050628E-06
          12 (3.9230140E-06,4.5071261E-07)  3.9488200E-06
          13 (2.2243839E-06,2.3260845E-06)  3.2184707E-06
          14 (-1.5208175E-06,-9.9712452E-08)  1.5240828E-06
          15 (-3.1735190E-06,4.1690455E-06)  5.2394812E-06
          16 (-4.8086245E-06,2.2510608E-06)  5.3094391E-06
          17 (-1.2946961E-06,-3.0539311E-06)  3.3170368E-06
          18 (4.1036014E-06,-7.8165272E-07)  4.1773828E-06
          19 (3.4931213E-06,-1.1203990E-06)  3.6684044E-06
          20 (2.3994030E-06,-1.6668247E-06)  2.9215473E-06
  sspmis_a   from the matched field workshop 93              
   270.0000              61           1
          20
      5.00
     10.00
     15.00
     20.00
     25.00
     30.00
     35.00
     40.00
     45.00
     50.00
     55.00
     60.00
     65.00
     70.00
     75.00
     80.00
     85.00
     90.00
     95.00
    100.00
           1 (-4.1989110E-06,8.9629202E-06)  9.8977162E-06
           2 (-5.6047561E-06,5.1123729E-06)  7.5861485E-06
           3 (-1.4483320E-06,-1.9683080E-06)  2.4437475E-06
           4 (3.4521495E-06,-7.1808508E-06)  7.9675565E-06
           5 (1.4706703E-06,-6.2308586E-06)  6.4020678E-06
           6 (2.4815713E-06,3.1632671E-06)  4.0205045E-06
           7 (4.0635450E-06,1.1019495E-05)  1.1744857E-05
           8 (-4.0516102E-06,5.3442172E-06)  6.7064298E-06
           9 (-4.3930945E-06,-4.4102271E-06)  6.2249001E-06
          10 (-1.2109941E-06,-3.1043196E-06)  3.3321626E-06
          11 (-5.6713475E-07,-4.7501489E-06)  4.7838853E-06
          12 (8.6949622E-06,-6.1453175E-06)  1.0647408E-05
          13 (6.5131658E-06,3.5444255E-06)  7.4151385E-06
          14 (-4.9398095E-06,3.9783204E-06)  6.3426137E-06
          15 (-5.7648112E-06,1.9150211E-06)  6.0745660E-06
          16 (-3.4948412E-06,2.8890772E-06)  4.5343886E-06
          17 (-5.0630883E-06,-2.0062203E-07)  5.0670615E-06
          18 (4.1640669E-06,-4.4050676E-06)  6.0616890E-06
          19 (9.7738248E-06,-2.2188758E-06)  1.0022528E-05
          20 (6.5451286E-07,2.5326810E-06)  2.6158862E-06
  sspmis_a   from the matched field workshop 93              
   280.0000              61           1
          20
      5.00
     10.00
     15.00
     20.00
     25.00
     30.00
     35.00
     40.00
     45.00
     50.00
     55.00
     60.00
     65.00
     70.00
     75.00
     80.00
     85.00
     90.00
     95.00
    100.00
           1 (3.5473072E-06,7.7597797E-06)  8.5321490E-06
           2 (9.8078226E-06,2.9319945E-06)  1.0236698E-05
           3 (-5.3762801E-06,2.9739895E-06)  6.1440214E-06
           4 (-1.0773721E-05,-3.9876186E-06)  1.1488001E-05
           5 (-5.1725829E-07,-6.0475454E-06)  6.0696261E-06
           6 (3.2924775E-06,2.1721460E-06)  3.9444426E-06
           7 (9.2490009E-06,-1.6496574E-06)  9.3949657E-06
           8 (5.2988826E-06,3.8644739E-06)  6.5583777E-06
           9 (-5.6642448E-06,1.0182197E-05)  1.1651644E-05
          10 (-5.8144128E-06,-2.4889987E-06)  6.3247539E-06
          11 (-7.3421052E-07,-6.5745999E-06)  6.6154689E-06
          12 (9.0125127E-07,-5.3121548E-06)  5.3880649E-06
          13 (1.0015133E-06,-7.8040221E-06)  7.8680232E-06
          14 (6.9777730E-06,3.6327733E-06)  7.8667881E-06
          15 (-2.9431421E-06,1.0999242E-05)  1.1386193E-05
          16 (-6.5729892E-06,3.2557309E-06)  7.3351189E-06
          17 (2.1458036E-06,1.0883723E-06)  2.4060398E-06
          18 (-2.6603441E-06,-2.0034511E-06)  3.3303525E-06
          19 (3.5037535E-06,-8.1046055E-06)  8.8295483E-06
          20 (7.3522060E-06,-5.2245978E-06)  9.0194990E-06
  sspmis_a   from the matched field workshop 93              
   290.0000              61           1
          20
      5.00
     10.00
     15.00
     20.00
     25.00
     30.00
     35.00
     40.00
     45.00
     50.00
     55.00
     60.00
     65.00
     70.00
     75.00
     80.00
     85.00
     90.00
     95.00
    100.00
           1 (6.5906761E-06,-2.0870671E-06)  6.9132379E-06
           2 (3.0858748E-06,-4.9737037E-07)  3.1257000E-06
           3 (-1.1947219E-06,2.0728173E-06)  2.3924740E-06
           4 (-4.1927615E-06,3.3035344E-06)  5.3378449E-06
           5 (-4.6641912E-06,1.1525173E-06)  4.8044744E-06
           6 (1.8271063E-06,-5.6615868E-06)  5.9491076E-06
           7 (4.9101682E-06,-2.4175642E-06)  5.4730585E-06
           8 (1.3875896E-06,2.9468461E-06)  3.2571929E-06
           9 (3.1821451E-06,2.9085513E-06)  4.3111158E-06
          10 (-1.2351679E-06,4.8609145E-06)  5.0153894E-06
          11 (-6.5998788E-06,-2.8817244E-06)  7.2015787E-06
          12 (7.5753951E-07,-7.0913866E-06)  7.1317340E-06
          13 (4.6456987E-07,-1.6115653E-06)  1.6771904E-06
          14 (2.2610294E-07,-9.3836678E-07)  9.6522263E-07
          15 (4.4340368E-06,3.3155518E-06)  5.5365663E-06
          16 (-1.6256156E-06,7.9663632E-06)  8.1305334E-06
          17 (-4.1827566E-06,-2.1682285E-07)  4.1883727E-06
          18 (2.4797109E-06,-2.4933256E-06)  3.5164810E-06
          19 (1.3540042E-06,-3.0345855E-06)  3.3229560E-06
          20 (-2.0069808E-06,-7.2515691E-06)  7.5241760E-06
  sspmis_a   from the matched field workshop 93              
   300.0000              61           1
          20
      5.00
     10.00
     15.00
     20.00
     25.00
     30.00
     35.00
     40.00
     45.00
     50.00
     55.00
     60.00
     65.00
     70.00
     75.00
     80.00
     85.00
     90.00
     95.00
    100.00
           1 (4.5672828E-06,-1.5138990E-06)  4.8116485E-06
           2 (1.0245581E-05,-1.6973504E-06)  1.0385226E-05
           3 (-6.9066054E-06,5.2084092E-06)  8.6503596E-06
           4 (-6.4605865E-06,1.4416826E-06)  6.6194884E-06
           5 (-2.0755192E-06,-1.2863188E-06)  2.4418018E-06
           6 (-1.1662655E-06,-4.9444820E-06)  5.0801650E-06
           7 (8.3587129E-06,-5.4891921E-06)  9.9999652E-06
           8 (2.8122058E-06,9.3788858E-06)  9.7914244E-06
           9 (-2.4946203E-06,6.5039403E-06)  6.9659436E-06
          10 (-2.2208901E-06,5.8427537E-07)  2.2964605E-06
          11 (-3.9204506E-06,4.0801254E-07)  3.9416250E-06
          12 (1.2328792E-07,-1.2488647E-05)  1.2489256E-05
          13 (8.8595807E-06,-4.2755678E-06)  9.8373093E-06
          14 (6.3482327E-07,5.9140016E-06)  5.9479758E-06
          15 (-2.1463197E-06,3.1698565E-07)  2.1696010E-06
          16 (-2.7063206E-06,6.9102734E-06)  7.4213240E-06
          17 (-1.0555003E-05,3.6021804E-06)  1.1152748E-05
          18 (5.9145250E-06,-6.3268940E-06)  8.6609007E-06
          19 (8.9936839E-06,-3.8361632E-06)  9.7776528E-06
          20 (-2.0924783E-06,-1.0825129E-06)  2.3559073E-06
  sspmis_a   from the matched field workshop 93              
   310.0000              61           1
          20
      5.00
     10.00
     15.00
     20.00
     25.00
     30.00
     35.00
     40.00
     45.00
     50.00
     55.00
     60.00
     65.00
     70.00
     75.00
     80.00
     85.00
     90.00
     95.00
    100.00
           1 (1.4227899E-06,-1.0863343E-05)  1.0956120E-05
           2 (-1.4000775E-06,-5.4742404E-06)  5.6504446E-06
           3 (5.0590825E-06,3.6521155E-06)  6.2395725E-06
           4 (1.9976419E-06,1.0990378E-05)  1.1170451E-05
           5 (-9.0679996E-06,3.1195293E-06)  9.5895821E-06
           6 (-4.2449069E-06,-8.4182511E-06)  9.4279467E-06
           7 (-1.3658921E-06,-2.8111326E-06)  3.1254003E-06
           8 (7.1811287E-06,-4.3623149E-06)  8.4022859E-06
           9 (1.2838457E-05,8.2112656E-06)  1.5239779E-05
          10 (-5.2665187E-06,1.2342746E-05)  1.3419374E-05
          11 (-3.2810501E-06,-5.6095623E-06)  6.4986521E-06
          12 (-5.2472828E-06,-3.5883866E-06)  6.3569250E-06
          13 (-5.3578979E-06,-1.0439311E-05)  1.1733980E-05
          14 (1.3050150E-05,-9.0778121E-06)  1.5896952E-05
          15 (-8.9299101E-07,1.2771305E-05)  1.2802487E-05
          16 (-6.8794029E-06,7.9263182E-06)  1.0495366E-05
          17 (6.3446810E-06,7.3312171E-06)  9.6954482E-06
          18 (-7.1039822E-06,-3.1125319E-06)  7.7559280E-06
          19 (1.6855302E-07,-1.5379879E-05)  1.5380803E-05
          20 (1.2502851E-05,-1.0316153E-06)  1.2545338E-05
  sspmis_a   from the matched field workshop 93              
   320.0000              61           1
          20
      5.00
     10.00
     15.00
     20.00
     25.00
     30.00
     35.00
     40.00
     45.00
     50.00
     55.00
     60.00
     65.00
     70.00
     75.00
     80.00
     85.00
     90.00
     95.00
    100.00
           1 (-4.6708269E-06,1.9910358E-06)  5.0774843E-06
           2 (-4.2227457E-06,-3.5706862E-06)  5.5300434E-06
           3 (4.4922986E-06,5.7683371E-07)  4.5291813E-06
           4 (2.4295564E-06,-2.1169158E-06)  3.2224334E-06
           5 (2.3412822E-06,4.2356255E-06)  4.8396410E-06
           6 (-4.7600333E-06,4.9291607E-06)  6.8523386E-06
           7 (-4.6727764E-06,-3.1440516E-06)  5.6320423E-06
           8 (2.8394038E-06,-2.2941865E-06)  3.6504118E-06
           9 (2.2073848E-06,-2.6133039E-06)  3.4208047E-06
          10 (8.2614379E-06,-1.4252089E-07)  8.2626675E-06
          11 (-1.8790389E-06,6.4951519E-06)  6.7614928E-06
          12 (-6.3759694E-06,-6.3347278E-07)  6.4073611E-06
          13 (-4.7979967E-07,-3.9655415E-06)  3.9944621E-06
          14 (-6.6675393E-06,-2.5478632E-06)  7.1377649E-06
          15 (5.2602691E-06,-1.9020581E-06)  5.5935907E-06
          16 (8.0523205E-06,7.8933836E-06)  1.1275875E-05
          17 (-3.6155404E-06,8.8683316E-07)  3.7227148E-06
          18 (1.2373924E-06,-5.9026789E-08)  1.2387995E-06
          19 (-2.7743367E-06,-2.4303708E-06)  3.6883123E-06
          20 (-6.3246480E-06,-8.7265153E-06)  1.0777441E-05
  sspmis_a   from the matched field workshop 93              
   330.0000              61           1
          20
      5.00
     10.00
     15.00
     20.00
     25.00
     30.00
     35.00
     40.00
     45.00
     50.00
     55.00
     60.00
     65.00
     70.00
     75.00
     80.00
     85.00
     90.00
     95.00
    100.00
           1 (-9.6178439E-07,-2.9299053E-06)  3.0837273E-06
           2 (-1.0140000E-06,-2.6083535E-06)  2.7985182E-06
           3 (3.8988410E-06,1.4363053E-06)  4.1549893E-06
           4 (7.8577727E-08,3.3493502E-06)  3.3502718E-06
           5 (-2.6815449E-06,-9.6351641E-08)  2.6832754E-06
           6 (-2.2286767E-06,-1.2219440E-06)  2.5416819E-06
           7 (-1.4794804E-06,-4.8109705E-06)  5.0333188E-06
           8 (4.9278374E-06,-2.8208865E-07)  4.9359046E-06
           9 (6.3628022E-08,5.5911710E-06)  5.5915330E-06
          10 (-5.3192059E-07,1.7083092E-06)  1.7892065E-06
          11 (-3.0856768E-06,2.1926444E-06)  3.7853786E-06
          12 (-3.4812485E-06,-3.3538031E-06)  4.8339516E-06
          13 (8.5538359E-06,-4.7021003E-06)  9.7610373E-06
          14 (1.1863121E-07,1.0787399E-07)  1.6034389E-07
          15 (-5.4943865E-07,7.3342039E-07)  9.1639964E-07
          16 (-5.6610861E-07,5.4120710E-06)  5.4415982E-06
          17 (-8.6006294E-06,-1.6555828E-06)  8.7585258E-06
          18 (3.3613605E-06,-9.7337829E-07)  3.4994584E-06
          19 (5.7348620E-06,9.8877626E-07)  5.8194778E-06
          20 (2.2862582E-07,-5.9185277E-06)  5.9229419E-06
  sspmis_a   from the matched field workshop 93              
   340.0000              61           1
          20
      5.00
     10.00
     15.00
     20.00
     25.00
     30.00
     35.00
     40.00
     45.00
     50.00
     55.00
     60.00
     65.00
     70.00
     75.00
     80.00
     85.00
     90.00
     95.00
    100.00
           1 (-8.1484841E-06,6.0332218E-06)  1.0138913E-05
           2 (-2.8787927E-06,-4.3391960E-06)  5.2073092E-06
           3 (1.3939311E-06,-2.3765185E-06)  2.7551559E-06
           4 (7.8942321E-06,-7.3542424E-06)  1.0789058E-05
           5 (3.4651127E-06,1.2061860E-05)  1.2549720E-05
           6 (-1.0621157E-05,1.4146606E-06)  1.0714954E-05
           7 (-6.9544781E-06,-1.2317117E-06)  7.0627107E-06
           8 (-3.6877918E-06,-4.8677034E-06)  6.1069095E-06
           9 (1.3624890E-05,-8.4766489E-06)  1.6046533E-05
          10 (6.3372627E-06,1.4607738E-05)  1.5923157E-05
          11 (-5.0345552E-06,8.0596583E-06)  9.5028854E-06
          12 (4.1306057E-06,4.6211630E-07)  4.1563753E-06
          13 (-1.7241895E-05,-1.4684148E-05)  2.2647453E-05
          14 (8.3807263E-06,-1.1942890E-05)  1.4590038E-05
          15 (8.6050622E-06,8.3889627E-06)  1.2017562E-05
          16 (-8.9701043E-06,1.8155753E-06)  9.1519987E-06
          17 (4.6065043E-06,2.1591841E-05)  2.2077760E-05
          18 (-5.8446303E-06,-5.5802261E-06)  8.0807567E-06
          19 (2.2402105E-06,-2.1657099E-05)  2.1772654E-05
          20 (6.6577813E-06,6.2613381E-06)  9.1394968E-06
  sspmis_a   from the matched field workshop 93              
   350.0000              61           1
          20
      5.00
     10.00
     15.00
     20.00
     25.00
     30.00
     35.00
     40.00
     45.00
     50.00
     55.00
     60.00
     65.00
     70.00
     75.00
     80.00
     85.00
     90.00
     95.00
    100.00
           1 (4.0148657E-06,2.9530659E-06)  4.9839487E-06
           2 (-5.8587182E-07,5.7083307E-06)  5.7383172E-06
           3 (-6.4408969E-06,-4.5027946E-06)  7.8587727E-06
           4 (1.3318459E-07,-3.7781192E-06)  3.7804659E-06
           5 (2.5246595E-06,-4.8450761E-06)  5.4633933E-06
           6 (5.9513368E-06,6.9397624E-06)  9.1421398E-06
           7 (-5.2646114E-06,1.1014792E-05)  1.2208267E-05
           8 (-5.3592539E-06,-5.5441301E-06)  7.7109653E-06
           9 (-3.6394160E-06,-2.0332468E-06)  4.1688659E-06
          10 (7.5962375E-06,-6.7253991E-06)  1.0145631E-05
          11 (1.8197567E-05,4.0562472E-06)  1.8644156E-05
          12 (-1.2227874E-05,3.0857900E-06)  1.2611225E-05
          13 (-3.1364107E-06,2.6130458E-06)  4.0822888E-06
          14 (-1.0034629E-05,-4.4789181E-06)  1.0988834E-05
          15 (-3.1471848E-06,-1.2760196E-05)  1.3142579E-05
          16 (1.6535963E-05,1.6969070E-05)  2.3693616E-05
          17 (2.4773810E-06,-1.7258791E-06)  3.0192839E-06
          18 (7.4431182E-07,1.8853202E-06)  2.0269269E-06
          19 (-1.1019368E-05,3.4443133E-07)  1.1024749E-05
          20 (-4.3028995E-06,-1.9888053E-05)  2.0348209E-05
  sspmis_a   from the matched field workshop 93              
   360.0000              61           1
          20
      5.00
     10.00
     15.00
     20.00
     25.00
     30.00
     35.00
     40.00
     45.00
     50.00
     55.00
     60.00
     65.00
     70.00
     75.00
     80.00
     85.00
     90.00
     95.00
    100.00
           1 (7.6338722E-09,-1.4507096E-06)  1.4507298E-06
           2 (4.1246213E-07,-2.2864893E-07)  4.7159870E-07
           3 (1.2003358E-06,6.8001077E-07)  1.3795726E-06
           4 (-1.7014751E-06,2.1670371E-06)  2.7551891E-06
           5 (-1.2675754E-06,-9.2887518E-07)  1.5714822E-06
           6 (8.3565919E-07,-8.7797508E-07)  1.2120918E-06
           7 (1.5764826E-06,-2.0294440E-06)  2.5698132E-06
           8 (1.9337608E-06,3.7170209E-06)  4.1899493E-06
           9 (-1.2673896E-06,1.0530028E-06)  1.6477535E-06
          10 (-1.0224951E-06,-2.5447480E-06)  2.7424876E-06
          11 (-3.1022628E-06,-1.7662035E-06)  3.5698051E-06
          12 (3.9286001E-06,-1.7000118E-06)  4.2806469E-06
          13 (5.0427332E-07,2.6649423E-06)  2.7122333E-06
          14 (-2.6585167E-06,2.7863396E-06)  3.8511557E-06
          15 (2.0607645E-06,2.1054025E-06)  2.9460939E-06
          16 (-3.1018833E-06,-5.1645206E-06)  6.0244465E-06
          17 (3.7147036E-06,-1.4413745E-06)  3.9845431E-06
          18 (1.2318996E-07,6.6054287E-07)  6.7193201E-07
          19 (-2.6722776E-06,8.9888215E-07)  2.8194072E-06
          20 (8.7416538E-07,5.5880464E-06)  5.6560079E-06
  sspmis_a   from the matched field workshop 93              
   370.0000              61           1
          20
      5.00
     10.00
     15.00
     20.00
     25.00
     30.00
     35.00
     40.00
     45.00
     50.00
     55.00
     60.00
     65.00
     70.00
     75.00
     80.00
     85.00
     90.00
     95.00
    100.00
           1 (1.6880542E-06,1.4482343E-06)  2.2241650E-06
           2 (-1.6686627E-06,1.6928493E-06)  2.3770094E-06
           3 (-5.7298547E-07,-9.4243848E-07)  1.1029517E-06
           4 (9.5460564E-08,-3.1980496E-06)  3.1994741E-06
           5 (3.6597689E-06,-1.9830384E-06)  4.1624930E-06
           6 (-4.7909168E-07,5.6249601E-06)  5.6453259E-06
           7 (-1.2129896E-06,-4.7347129E-08)  1.2139133E-06
           8 (-4.9786058E-06,-3.3364149E-06)  5.9931776E-06
           9 (-1.8319142E-06,-3.8623930E-06)  4.2748088E-06
          10 (8.4832063E-06,3.9465308E-06)  9.3562758E-06
          11 (-1.4524028E-06,2.3268451E-06)  2.7429330E-06
          12 (-1.6534240E-06,5.6180738E-06)  5.8563269E-06
          13 (-2.1419869E-06,-2.1541825E-06)  3.0378628E-06
          14 (2.5213017E-06,-1.2524977E-05)  1.2776229E-05
          15 (2.0584366E-07,5.4197408E-06)  5.4236484E-06
          16 (2.6487958E-06,-8.1569436E-07)  2.7715475E-06
          17 (-5.3249410E-06,9.0649428E-06)  1.0513239E-05
          18 (-2.4626270E-06,-3.4207403E-07)  2.4862716E-06
          19 (8.1086800E-06,-8.5733336E-06)  1.1800540E-05
          20 (-4.2884308E-06,1.8869287E-07)  4.2925799E-06
  sspmis_a   from the matched field workshop 93              
   380.0000              61           1
          20
      5.00
     10.00
     15.00
     20.00
     25.00
     30.00
     35.00
     40.00
     45.00
     50.00
     55.00
     60.00
     65.00
     70.00
     75.00
     80.00
     85.00
     90.00
     95.00
    100.00
           1 (9.3170905E-07,-1.1494624E-06)  1.4796437E-06
           2 (2.9050552E-06,2.4583733E-07)  2.9154385E-06
           3 (-8.7445756E-08,2.4581943E-06)  2.4597491E-06
           4 (-5.5203263E-06,-2.3639595E-06)  6.0051902E-06
           5 (-5.3559546E-07,-6.1305161E-07)  8.1406068E-07
           6 (5.5481050E-06,-5.5206883E-06)  7.8268431E-06
           7 (1.7299901E-06,3.8986359E-06)  4.2652346E-06
           8 (-8.7099488E-06,6.5430254E-06)  1.0893777E-05
           9 (5.8447381E-07,9.6465055E-07)  1.1279009E-06
          10 (-3.9636207E-06,-9.7774227E-06)  1.0550274E-05
          11 (1.0464771E-05,3.3299907E-06)  1.0981815E-05
          12 (6.4886867E-06,5.4829684E-06)  8.4950570E-06
          13 (-5.0707877E-06,-4.3990171E-06)  6.7129904E-06
          14 (-1.1466926E-05,5.3868680E-06)  1.2669204E-05
          15 (2.5415111E-06,-1.5622058E-05)  1.5827443E-05
          16 (1.3394776E-06,9.6134272E-06)  9.7062957E-06
          17 (8.4934181E-06,5.2738701E-06)  9.9975923E-06
          18 (2.1721805E-06,1.1741008E-07)  2.1753513E-06
          19 (-1.3585372E-05,-2.7407505E-06)  1.3859078E-05
          20 (6.0222283E-06,-1.1557413E-05)  1.3032307E-05
  sspmis_a   from the matched field workshop 93              
   390.0000              61           1
          20
      5.00
     10.00
     15.00
     20.00
     25.00
     30.00
     35.00
     40.00
     45.00
     50.00
     55.00
     60.00
     65.00
     70.00
     75.00
     80.00
     85.00
     90.00
     95.00
    100.00
           1 (-1.9801118E-07,-3.8392554E-07)  4.3198060E-07
           2 (5.0838491E-07,-1.1279155E-06)  1.2371938E-06
           3 (2.1179621E-07,-4.0314143E-07)  4.5539065E-07
           4 (-5.4335288E-08,2.9075125E-06)  2.9080202E-06
           5 (-1.0829858E-06,-9.6926681E-07)  1.4533879E-06
           6 (-1.4925038E-06,-2.8683085E-06)  3.2333824E-06
           7 (1.6299695E-07,3.7499814E-07)  4.0889071E-07
           8 (4.3404680E-06,2.8871814E-06)  5.2130104E-06
           9 (-3.4639615E-06,1.2035423E-06)  3.6670892E-06
          10 (-1.8183765E-06,9.4557578E-07)  2.0495381E-06
          11 (2.1910448E-06,-3.3432495E-06)  3.9972483E-06
          12 (3.2552023E-06,-4.3576110E-06)  5.4392203E-06
          13 (-9.9999511E-07,5.9019189E-06)  5.9860367E-06
          14 (-9.2117659E-07,-1.2836358E-06)  1.5799643E-06
          15 (-6.7123360E-06,2.2366219E-06)  7.0751630E-06
          16 (4.3744431E-06,-2.5192148E-06)  5.0479894E-06
          17 (4.7532440E-06,-7.7849649E-07)  4.8165739E-06
          18 (-1.2516597E-06,1.1158917E-06)  1.6768620E-06
          19 (-5.1826004E-07,1.2956252E-07)  5.3420962E-07
          20 (-8.3799441E-06,4.2341185E-07)  8.3906343E-06
  sspmis_a   from the matched field workshop 93              
   400.0000              61           1
          20
      5.00
     10.00
     15.00
     20.00
     25.00
     30.00
     35.00
     40.00
     45.00
     50.00
     55.00
     60.00
     65.00
     70.00
     75.00
     80.00
     85.00
     90.00
     95.00
    100.00
           1 (2.8889440E-07,-1.7011062E-07)  3.3525751E-07
           2 (-4.1046820E-07,-1.0817836E-06)  1.1570393E-06
           3 (2.6811929E-07,2.1965297E-07)  3.4660553E-07
           4 (7.9784803E-07,1.3143898E-06)  1.5375897E-06
           5 (-3.7775501E-07,-4.8885090E-07)  6.1779775E-07
           6 (-2.8868371E-06,-1.6822426E-06)  3.3412227E-06
           7 (1.6782498E-06,5.3797987E-07)  1.7623690E-06
           8 (1.9976369E-06,-3.5800446E-07)  2.0294631E-06
           9 (-2.1699348E-06,2.8798329E-06)  3.6058361E-06
          10 (-1.0881990E-06,1.2740999E-06)  1.6755619E-06
          11 (1.7224143E-06,-3.7416778E-06)  4.1190851E-06
          12 (5.2417107E-08,-1.2095330E-06)  1.2106683E-06
          13 (4.0951791E-06,2.0111170E-06)  4.5623551E-06
          14 (-5.3408453E-06,-1.2883334E-07)  5.3423992E-06
          15 (-1.4718771E-06,1.8316655E-06)  2.3497703E-06
          16 (9.2923085E-07,-2.1026683E-06)  2.2988440E-06
          17 (3.3346346E-06,-6.5496465E-07)  3.3983476E-06
          18 (1.7908816E-06,2.3716850E-06)  2.9718929E-06
          19 (-4.5370252E-06,-2.9492849E-06)  5.4113657E-06
          20 (-1.2814876E-06,3.6884151E-06)  3.9046918E-06
  sspmis_a   from the matched field workshop 93              
   410.0000              61           1
          20
      5.00
     10.00
     15.00
     20.00
     25.00
     30.00
     35.00
     40.00
     45.00
     50.00
     55.00
     60.00
     65.00
     70.00
     75.00
     80.00
     85.00
     90.00
     95.00
    100.00
           1 (-2.8088328E-07,-1.4165263E-06)  1.4441060E-06
           2 (-2.1602646E-06,5.2173397E-07)  2.2223746E-06
           3 (1.3188312E-06,-9.0892058E-09)  1.3188625E-06
           4 (2.9726252E-06,-1.6757626E-06)  3.4124305E-06
           5 (-2.3426355E-06,3.2024454E-07)  2.3644234E-06
           6 (-3.5514759E-06,4.2596021E-06)  5.5459163E-06
           7 (1.0775091E-06,-4.8464972E-06)  4.9648324E-06
           8 (-3.6280341E-07,-2.0887287E-06)  2.1200033E-06
           9 (3.3894958E-06,7.1354652E-06)  7.8995918E-06
          10 (2.4386291E-06,2.2377553E-06)  3.3097524E-06
          11 (-8.6061036E-06,-4.2290840E-06)  9.5890655E-06
          12 (6.4036335E-06,-2.5523414E-06)  6.8935456E-06
          13 (4.7078811E-07,-6.5993768E-06)  6.6161479E-06
          14 (-9.7583575E-07,1.0548878E-05)  1.0593917E-05
          15 (-3.4761201E-06,2.5271122E-06)  4.2976399E-06
          16 (-1.6179093E-06,-3.2436071E-06)  3.6247231E-06
          17 (6.0783555E-06,-2.7561111E-06)  6.6740208E-06
          18 (3.1326053E-06,-5.7960660E-06)  6.5884442E-06
          19 (-7.0219235E-06,1.1184088E-05)  1.3205728E-05
          20 (-1.3590949E-06,-3.9567790E-06)  4.1836875E-06
  sspmis_a   from the matched field workshop 93              
   420.0000              61           1
          20
      5.00
     10.00
     15.00
     20.00
     25.00
     30.00
     35.00
     40.00
     45.00
     50.00
     55.00
     60.00
     65.00
     70.00
     75.00
     80.00
     85.00
     90.00
     95.00
    100.00
           1 (-1.8084751E-06,1.4119091E-06)  2.2943559E-06
           2 (2.3107741E-06,1.2418440E-06)  2.6233288E-06
           3 (-1.0885790E-06,-2.1284261E-06)  2.3906489E-06
           4 (-3.0939257E-06,-1.3694477E-06)  3.3834542E-06
           5 (2.0749444E-06,2.4365759E-06)  3.2003588E-06
           6 (3.3933466E-06,-8.3127520E-07)  3.4936827E-06
           7 (-5.4410930E-06,3.5710229E-06)  6.5082791E-06
           8 (-8.5424489E-07,8.5346147E-07)  1.2075309E-06
           9 (5.8485352E-06,-6.4640449E-06)  8.7171811E-06
          10 (-1.0268632E-07,1.4656690E-06)  1.4692617E-06
          11 (3.8814801E-06,4.5455167E-06)  5.9772578E-06
          12 (-1.0252425E-05,-4.4681478E-06)  1.1183763E-05
          13 (-1.5638971E-06,5.0701323E-07)  1.6440306E-06
          14 (6.2267845E-06,-2.2029105E-06)  6.6049724E-06
          15 (3.4438408E-06,5.9882786E-06)  6.9079315E-06
          16 (-1.6453581E-07,2.4076098E-06)  2.4132255E-06
          17 (-6.8732825E-06,-9.8044657E-06)  1.1973702E-05
          18 (-8.3659506E-07,2.9103442E-06)  3.0281999E-06
          19 (5.3041422E-06,-1.4834189E-06)  5.5076725E-06
          20 (1.7501304E-06,1.1655645E-05)  1.1786306E-05
  sspmis_a   from the matched field workshop 93              
   430.0000              61           1
          20
      5.00
     10.00
     15.00
     20.00
     25.00
     30.00
     35.00
     40.00
     45.00
     50.00
     55.00
     60.00
     65.00
     70.00
     75.00
     80.00
     85.00
     90.00
     95.00
    100.00
           1 (1.2832095E-06,-5.7321881E-07)  1.4054203E-06
           2 (-6.3715675E-07,-1.0751778E-06)  1.2497904E-06
           3 (-1.0200340E-06,1.8876740E-06)  2.1456426E-06
           4 (2.3246098E-06,8.0860161E-07)  2.4612289E-06
           5 (-1.9295794E-06,-1.4393593E-06)  2.4072872E-06
           6 (-7.4823868E-07,3.7854264E-07)  8.3854377E-07
           7 (4.0642867E-06,-1.5234968E-07)  4.0671412E-06
           8 (-3.3800251E-07,-7.8698400E-07)  8.5649839E-07
           9 (-2.9482733E-06,2.6366165E-06)  3.9552574E-06
          10 (3.2885168E-07,-3.9230936E-06)  3.9368524E-06
          11 (-1.7425798E-06,-1.2818043E-06)  2.1632397E-06
          12 (4.3634195E-06,4.7319668E-06)  6.4366868E-06
          13 (-1.6843902E-06,9.4442703E-07)  1.9310910E-06
          14 (-1.7310089E-06,-5.3528612E-07)  1.8118837E-06
          15 (2.3060493E-06,-4.9747132E-06)  5.4832140E-06
          16 (-1.1722769E-06,-3.5595630E-07)  1.2251278E-06
          17 (1.3659005E-06,5.9690019E-06)  6.1232890E-06
          18 (-3.4996021E-06,-5.9673494E-07)  3.5501137E-06
          19 (3.5848120E-06,-8.9371014E-07)  3.6945357E-06
          20 (-1.2532513E-06,-6.1625506E-06)  6.2886938E-06
  sspmis_a   from the matched field workshop 93              
   440.0000              61           1
          20
      5.00
     10.00
     15.00
     20.00
     25.00
     30.00
     35.00
     40.00
     45.00
     50.00
     55.00
     60.00
     65.00
     70.00
     75.00
     80.00
     85.00
     90.00
     95.00
    100.00
           1 (-4.9869923E-06,5.6086810E-07)  5.0184326E-06
           2 (2.8999848E-06,4.6134201E-06)  5.4491793E-06
           3 (2.3054281E-06,-6.9885509E-06)  7.3589972E-06
           4 (-3.3660624E-06,4.8805555E-07)  3.4012608E-06
           5 (3.1327804E-06,3.6050883E-06)  4.7760836E-06
           6 (4.3314026E-06,-2.3610619E-06)  4.9331188E-06
           7 (-1.2672700E-05,-1.9073927E-06)  1.2815439E-05
           8 (4.5599586E-06,4.9973198E-07)  4.5872598E-06
           9 (4.0969653E-06,-5.9759218E-06)  7.2454650E-06
          10 (-4.8385291E-06,1.4898459E-05)  1.5664464E-05
          11 (3.0931812E-06,-2.7525073E-07)  3.1054039E-06
          12 (-5.2248924E-06,-1.0066634E-05)  1.1341808E-05
          13 (1.0475030E-05,-1.7489542E-06)  1.0620032E-05
          14 (-5.8061948E-07,-4.3167339E-07)  7.2350599E-07
          15 (-1.1729515E-05,1.2495238E-05)  1.7138042E-05
          16 (1.7681306E-06,-5.3517010E-06)  5.6362214E-06
          17 (2.9847615E-06,-3.5245234E-06)  4.6185569E-06
          18 (1.4853153E-05,-3.0787332E-06)  1.5168874E-05
          19 (-1.8796960E-05,5.5111764E-06)  1.9588231E-05
          20 (1.8415986E-06,2.7101355E-06)  3.2766325E-06
  sspmis_a   from the matched field workshop 93              
   450.0000              61           1
          20
      5.00
     10.00
     15.00
     20.00
     25.00
     30.00
     35.00
     40.00
     45.00
     50.00
     55.00
     60.00
     65.00
     70.00
     75.00
     80.00
     85.00
     90.00
     95.00
    100.00
           1 (6.8669970E-06,5.9217127E-06)  9.0676531E-06
           2 (-4.3674004E-07,-3.8743819E-06)  3.8989201E-06
           3 (-5.3959548E-06,-2.9414027E-06)  6.1455821E-06
           4 (3.3152037E-07,7.1571467E-06)  7.1648205E-06
           5 (7.2241419E-06,-1.0330044E-05)  1.2605477E-05
           6 (-9.0654885E-06,-1.5528772E-06)  9.1975271E-06
           7 (5.9807035E-06,1.4543555E-05)  1.5725260E-05
           8 (-9.0265112E-06,-1.0807239E-05)  1.4080992E-05
           9 (-4.5088268E-06,4.7111344E-06)  6.5210666E-06
          10 (1.9339397E-05,-1.7413849E-06)  1.9417639E-05
          11 (-2.8889508E-06,4.1244384E-06)  5.0355761E-06
          12 (-3.9014840E-06,4.6059349E-06)  6.0362418E-06
          13 (-1.0316797E-05,-2.1062486E-05)  2.3453456E-05
          14 (4.1451385E-06,7.1299610E-06)  8.2473343E-06
          15 (1.2282274E-05,1.0136216E-05)  1.5924734E-05
          16 (-1.0581012E-05,9.5751866E-06)  1.4270319E-05
          17 (5.2779828E-06,-1.8384184E-05)  1.9126823E-05
          18 (-1.0628595E-05,-8.6699947E-06)  1.3716262E-05
          19 (1.5015427E-05,1.4180894E-05)  2.0653350E-05
          20 (-1.2659688E-05,1.1584757E-05)  1.7160253E-05
  sspmis_a   from the matched field workshop 93              
   460.0000              61           1
          20
      5.00
     10.00
     15.00
     20.00
     25.00
     30.00
     35.00
     40.00
     45.00
     50.00
     55.00
     60.00
     65.00
     70.00
     75.00
     80.00
     85.00
     90.00
     95.00
    100.00
           1 (4.5085030E-06,-4.9466962E-06)  6.6930115E-06
           2 (-2.9600233E-06,-2.4516453E-06)  3.8434755E-06
           3 (-1.1439001E-06,1.0335842E-05)  1.0398950E-05
           4 (5.5128535E-06,-8.9338546E-06)  1.0497872E-05
           5 (-1.0059923E-05,-3.9772360E-07)  1.0067782E-05
           6 (3.8210255E-06,4.4946560E-06)  5.8993364E-06
           7 (3.0756521E-06,-7.1183354E-06)  7.7543755E-06
           8 (-5.2248915E-06,1.2940031E-05)  1.3955068E-05
           9 (1.7529857E-06,-7.0203839E-07)  1.8883370E-06
          10 (-5.9987622E-07,-1.0689400E-05)  1.0706220E-05
          11 (1.0189617E-05,3.3609799E-06)  1.0729607E-05
          12 (-1.7261847E-06,-8.9909861E-07)  1.9463021E-06
          13 (-1.6898977E-05,6.4385754E-06)  1.8083991E-05
          14 (4.7280460E-06,-7.3059864E-06)  8.7024055E-06
          15 (8.2936576E-06,2.7655751E-06)  8.7426060E-06
          16 (1.1070610E-05,3.8527232E-06)  1.1721854E-05
          17 (-2.0000862E-05,-4.0565988E-06)  2.0408097E-05
          18 (4.0311312E-07,-2.5789839E-06)  2.6102985E-06
          19 (2.6476291E-06,1.7545273E-06)  3.1762092E-06
          20 (1.7390950E-05,7.1891409E-06)  1.8818313E-05
  sspmis_a   from the matched field workshop 93              
   470.0000              61           1
          20
      5.00
     10.00
     15.00
     20.00
     25.00
     30.00
     35.00
     40.00
     45.00
     50.00
     55.00
     60.00
     65.00
     70.00
     75.00
     80.00
     85.00
     90.00
     95.00
    100.00
           1 (-8.7486654E-07,-1.9882473E-06)  2.1722151E-06
           2 (1.4048724E-07,1.5057672E-06)  1.5123067E-06
           3 (1.2068917E-06,-1.3029893E-07)  1.2139051E-06
           4 (-1.0899038E-06,-9.7064310E-07)  1.4594650E-06
           5 (-4.2160494E-07,1.0419344E-06)  1.1240010E-06
           6 (4.0012529E-07,-6.0264983E-07)  7.2338582E-07
           7 (-5.8468879E-07,-7.5505068E-07)  9.5496728E-07
           8 (8.1115905E-07,2.2844254E-06)  2.4241656E-06
           9 (-5.5349858E-10,-2.9015814E-07)  2.9015868E-07
          10 (-1.1914302E-06,-7.8713629E-07)  1.4279669E-06
          11 (2.5473644E-06,-1.0435900E-06)  2.7528431E-06
          12 (-1.0365035E-06,-6.6351703E-08)  1.0386251E-06
          13 (-9.9175384E-07,2.2798624E-06)  2.4862318E-06
          14 (-1.5297421E-06,-1.1826019E-06)  1.9335610E-06
          15 (2.7181195E-06,-1.6782047E-07)  2.7232952E-06
          16 (1.2896310E-06,-5.9746458E-07)  1.4213065E-06
          17 (-2.0762106E-06,1.4048195E-06)  2.5068243E-06
          18 (-2.2700719E-06,-1.3231099E-06)  2.6275172E-06
          19 (2.7598610E-06,1.2806804E-06)  3.0425276E-06
          20 (1.3888824E-06,-1.4272115E-06)  1.9914635E-06
  sspmis_a   from the matched field workshop 93              
   480.0000              61           1
          20
      5.00
     10.00
     15.00
     20.00
     25.00
     30.00
     35.00
     40.00
     45.00
     50.00
     55.00
     60.00
     65.00
     70.00
     75.00
     80.00
     85.00
     90.00
     95.00
    100.00
           1 (1.2419157E-06,-5.8102069E-06)  5.9414524E-06
           2 (-2.8337547E-07,2.8958229E-06)  2.9096550E-06
           3 (-3.4289940E-07,4.3679843E-06)  4.3814230E-06
           4 (2.4030408E-06,-5.6818908E-06)  6.1691562E-06
           5 (-3.9363435E-06,7.8229920E-07)  4.0133268E-06
           6 (4.4546850E-06,2.1300764E-06)  4.9377568E-06
           7 (-2.7143591E-07,-6.9029247E-06)  6.9082594E-06
           8 (-4.8707916E-06,8.4411513E-06)  9.7456477E-06
           9 (1.5078997E-06,-4.3881687E-06)  4.6400201E-06
          10 (-3.9246047E-06,-9.3669524E-07)  4.0348382E-06
          11 (1.1241465E-05,5.6878107E-06)  1.2598482E-05
          12 (-5.4124066E-06,-2.0717673E-06)  5.7953744E-06
          13 (-2.1801450E-06,-8.4794351E-07)  2.3392392E-06
          14 (-1.3402304E-06,-8.4087151E-06)  8.5148522E-06
          15 (3.9718070E-06,9.8536693E-06)  1.0624031E-05
          16 (-1.2792964E-07,3.5896612E-06)  3.5919402E-06
          17 (-1.4924456E-06,-4.7494059E-06)  4.9783785E-06
          18 (-1.1922818E-06,-9.0577059E-06)  9.1358397E-06
          19 (2.8685886E-06,9.9090030E-06)  1.0315868E-05
          20 (-2.0658379E-06,3.0673039E-06)  3.6981130E-06
  sspmis_a   from the matched field workshop 93              
   490.0000              61           1
          20
      5.00
     10.00
     15.00
     20.00
     25.00
     30.00
     35.00
     40.00
     45.00
     50.00
     55.00
     60.00
     65.00
     70.00
     75.00
     80.00
     85.00
     90.00
     95.00
    100.00
           1 (-7.7470850E-06,-9.3161807E-06)  1.2116458E-05
           2 (3.2362857E-06,9.0966132E-06)  9.6551494E-06
           3 (9.1378370E-06,-2.5827769E-06)  9.4958305E-06
           4 (-1.1747561E-05,-3.9127735E-06)  1.2382043E-05
           5 (6.1413730E-06,8.6505997E-06)  1.0608927E-05
           6 (2.0161560E-06,-1.2884153E-05)  1.3040946E-05
           7 (-8.7084763E-06,4.7640342E-06)  9.9264080E-06
           8 (1.1823191E-05,1.8557794E-06)  1.1967947E-05
           9 (-1.6695711E-05,1.3229237E-07)  1.6696235E-05
          10 (7.3234510E-06,5.1479833E-06)  8.9517971E-06
          11 (6.8423947E-06,-1.2200802E-05)  1.3988493E-05
          12 (1.2585242E-06,1.5049885E-05)  1.5102415E-05
          13 (-5.8369915E-06,-1.2347966E-05)  1.3658065E-05
          14 (-1.1240790E-05,1.5316914E-06)  1.1344665E-05
          15 (1.4864137E-05,8.0615928E-07)  1.4885983E-05
          16 (2.3242023E-06,9.0391341E-06)  9.3331591E-06
          17 (-5.4636357E-06,-6.4347396E-06)  8.4413978E-06
          18 (-7.5879971E-06,-7.2578905E-06)  1.0500223E-05
          19 (7.5498069E-06,4.0093146E-06)  8.5483443E-06
          20 (5.3643612E-06,1.2767327E-05)  1.3848502E-05
  sspmis_a   from the matched field workshop 93              
   500.0000              61           1
          20
      5.00
     10.00
     15.00
     20.00
     25.00
     30.00
     35.00
     40.00
     45.00
     50.00
     55.00
     60.00
     65.00
     70.00
     75.00
     80.00
     85.00
     90.00
     95.00
    100.00
           1 (-1.2614751E-05,7.3443680E-06)  1.4596975E-05
           2 (1.0945381E-05,-5.6351701E-06)  1.2310829E-05
           3 (6.9872158E-08,-3.1006455E-06)  3.1014326E-06
           4 (-4.6959844E-06,8.9239857E-06)  1.0084135E-05
           5 (6.5522245E-06,-6.9994662E-06)  9.5877094E-06
           6 (-6.8032746E-06,-1.2873772E-06)  6.9240077E-06
           7 (4.1511485E-06,1.8179223E-06)  4.5317629E-06
           8 (-2.7957094E-06,-6.1973974E-06)  6.7988030E-06
           9 (-1.9147242E-06,1.5094151E-05)  1.5215109E-05
          10 (5.2267296E-08,-8.8128854E-06)  8.8130400E-06
          11 (2.0949057E-07,1.3785830E-06)  1.3944093E-06
          12 (1.6729737E-05,-3.6963074E-06)  1.7133207E-05
          13 (-2.0538584E-05,3.7984437E-06)  2.0886877E-05
          14 (8.7992294E-07,-5.0336888E-07)  1.0137280E-06
          15 (1.8958510E-06,-4.4733761E-06)  4.8585330E-06
          16 (1.4254558E-05,9.8221062E-06)  1.7310869E-05
          17 (-1.0217891E-05,-5.5997662E-06)  1.1651724E-05
          18 (-9.6913445E-06,-5.3091535E-06)  1.1050306E-05
          19 (8.1287981E-06,5.8656442E-06)  1.0024128E-05
          20 (1.1093729E-05,3.6219294E-06)  1.1670013E-05
  sspmis_a   from the matched field workshop 93              
   510.0000              61           1
          20
      5.00
     10.00
     15.00
     20.00
     25.00
     30.00
     35.00
     40.00
     45.00
     50.00
     55.00
     60.00
     65.00
     70.00
     75.00
     80.00
     85.00
     90.00
     95.00
    100.00
           1 (-2.8982745E-06,8.6325135E-06)  9.1060574E-06
           2 (3.0794263E-06,-5.6990384E-06)  6.4778010E-06
           3 (-1.4076994E-06,-3.6619144E-06)  3.9231663E-06
           4 (1.6009469E-06,8.1146691E-06)  8.2710876E-06
           5 (1.8945461E-06,-5.7482180E-06)  6.0523807E-06
           6 (-4.4312201E-06,-2.5663326E-08)  4.4312942E-06
           7 (2.3634911E-06,1.4322495E-08)  2.3635346E-06
           8 (-2.6865710E-06,-3.0616748E-06)  4.0732684E-06
           9 (2.1645601E-06,6.2522968E-06)  6.6163839E-06
          10 (-4.5397619E-06,2.4925200E-06)  5.1790053E-06
          11 (5.6863455E-06,-4.9908240E-06)  7.5659004E-06
          12 (2.1191840E-06,-5.5184451E-06)  5.9113599E-06
          13 (-1.2713144E-07,1.0320830E-05)  1.0321613E-05
          14 (-1.2389372E-05,-7.0563565E-06)  1.4257935E-05
          15 (6.0043030E-06,4.8752158E-06)  7.7342993E-06
          16 (1.2793953E-05,-3.9156798E-06)  1.3379753E-05
          17 (-1.0103360E-05,2.8062584E-06)  1.0485846E-05
          18 (-7.8211579E-06,-2.3662790E-06)  8.1712778E-06
          19 (8.5861611E-06,9.5698419E-07)  8.6393275E-06
          20 (6.5920858E-06,1.4198210E-06)  6.7432547E-06
  sspmis_a   from the matched field workshop 93              
   520.0000              61           1
          20
      5.00
     10.00
     15.00
     20.00
     25.00
     30.00
     35.00
     40.00
     45.00
     50.00
     55.00
     60.00
     65.00
     70.00
     75.00
     80.00
     85.00
     90.00
     95.00
    100.00
           1 (2.4947478E-06,8.0527943E-06)  8.4303774E-06
           2 (-1.6997021E-06,-7.4962663E-06)  7.6865463E-06
           3 (-2.3493815E-06,1.3855579E-06)  2.7275198E-06
           4 (6.4666838E-06,4.0789928E-06)  7.6456645E-06
           5 (-4.0885784E-06,-5.7425978E-06)  7.0493902E-06
           6 (-3.0409433E-07,4.7410285E-06)  4.7507710E-06
           7 (3.7804718E-06,-4.8028473E-06)  6.1122264E-06
           8 (-5.8956048E-06,-7.1670456E-09)  5.8956093E-06
           9 (4.0539826E-06,3.9013667E-06)  5.6263166E-06
          10 (-3.2647026E-06,2.3202347E-08)  3.2647852E-06
          11 (7.1704568E-07,-1.1601569E-06)  1.3638617E-06
          12 (4.7713934E-06,-1.4318717E-06)  4.9816113E-06
          13 (-4.5607524E-07,-2.7060602E-07)  5.3031334E-07
          14 (-9.6757449E-06,2.9735800E-06)  1.0122362E-05
          15 (6.9928528E-06,-2.3138703E-06)  7.3657307E-06
          16 (3.2473918E-06,1.6366926E-07)  3.2515136E-06
          17 (-1.8635967E-06,2.4399128E-06)  3.0702063E-06
          18 (-6.5852932E-06,-4.0113296E-06)  7.7108270E-06
          19 (4.4327981E-06,1.9673519E-06)  4.8497600E-06
          20 (5.4621987E-06,1.4817360E-06)  5.6596073E-06
  sspmis_a   from the matched field workshop 93              
   530.0000              61           1
          20
      5.00
     10.00
     15.00
     20.00
     25.00
     30.00
     35.00
     40.00
     45.00
     50.00
     55.00
     60.00
     65.00
     70.00
     75.00
     80.00
     85.00
     90.00
     95.00
    100.00
           1 (7.5697035E-06,6.6664079E-06)  1.0086695E-05
           2 (-8.0104610E-06,-5.8291389E-06)  9.9068839E-06
           3 (7.7913126E-07,2.7115880E-06)  2.8213037E-06
           4 (7.9131732E-06,-4.9256323E-07)  7.9284882E-06
           5 (-9.1361890E-06,1.1155735E-06)  9.2040455E-06
           6 (8.0896816E-06,1.9276297E-06)  8.3161713E-06
           7 (-3.4541029E-06,-9.2346709E-06)  9.8595119E-06
           8 (-1.5458932E-06,7.8055227E-06)  7.9571337E-06
           9 (4.6882706E-06,-6.5659024E-06)  8.0678965E-06
          10 (-1.1163963E-05,7.7092382E-06)  1.3567108E-05
          11 (7.6508059E-06,-7.4022955E-07)  7.6865317E-06
          12 (5.1281195E-06,-5.8027790E-06)  7.7440209E-06
          13 (-3.0710678E-06,4.0291889E-06)  5.0661447E-06
          14 (-6.5278659E-06,1.4741314E-06)  6.6922416E-06
          15 (-2.1077994E-07,-7.6239371E-06)  7.6268502E-06
          16 (9.9461104E-06,1.0480542E-05)  1.4448768E-05
          17 (-3.1283520E-07,-3.4932884E-06)  3.5072680E-06
          18 (-1.3802520E-05,-6.9772977E-06)  1.5465841E-05
          19 (9.1312368E-06,5.9384593E-06)  1.0892419E-05
          20 (5.6536110E-06,3.5611370E-06)  6.6816924E-06
  sspmis_a   from the matched field workshop 93              
   540.0000              61           1
          20
      5.00
     10.00
     15.00
     20.00
     25.00
     30.00
     35.00
     40.00
     45.00
     50.00
     55.00
     60.00
     65.00
     70.00
     75.00
     80.00
     85.00
     90.00
     95.00
    100.00
           1 (1.4231521E-05,-1.5784826E-06)  1.4318792E-05
           2 (-1.3672319E-05,1.9759259E-06)  1.3814362E-05
           3 (1.7916939E-06,1.9343838E-06)  2.6366661E-06
           4 (7.4971281E-06,-5.4497004E-06)  9.2685577E-06
           5 (-4.5808310E-06,6.9399434E-06)  8.3154573E-06
           6 (2.8541558E-06,-4.6930509E-06)  5.4928073E-06
           7 (-2.4804226E-06,6.5866459E-07)  2.5663858E-06
           8 (4.3271029E-06,-4.9667970E-06)  6.5873282E-06
           9 (-1.0373178E-05,1.7802622E-06)  1.0524835E-05
          10 (8.9659779E-06,1.0697670E-05)  1.3958113E-05
          11 (-6.6803750E-06,-9.7854427E-06)  1.1848304E-05
          12 (6.1574192E-06,2.4994708E-06)  6.6453867E-06
          13 (6.0068710E-06,-2.5455784E-06)  6.5239919E-06
          14 (-1.5824407E-05,9.9235876E-07)  1.5855492E-05
          15 (-5.1054053E-07,5.1534171E-06)  5.1786446E-06
          16 (1.9808082E-05,-5.9618596E-06)  2.0685837E-05
          17 (-8.9775858E-06,7.1430486E-07)  9.0059575E-06
          18 (-1.1360967E-05,3.2075502E-06)  1.1805081E-05
          19 (8.7992348E-06,-4.8096967E-06)  1.0027947E-05
          20 (9.0674794E-06,5.9535751E-06)  1.0847315E-05
  sspmis_a   from the matched field workshop 93              
   550.0000              61           1
          20
      5.00
     10.00
     15.00
     20.00
     25.00
     30.00
     35.00
     40.00
     45.00
     50.00
     55.00
     60.00
     65.00
     70.00
     75.00
     80.00
     85.00
     90.00
     95.00
    100.00
           1 (1.7454781E-06,-1.0584563E-05)  1.0727519E-05
           2 (-2.0981543E-06,1.1908847E-05)  1.2092266E-05
           3 (2.6339221E-06,-2.9039497E-06)  3.9205192E-06
           4 (-4.0566047E-06,-5.9130789E-06)  7.1708118E-06
           5 (5.3366580E-06,9.4519937E-06)  1.0854497E-05
           6 (-1.3012686E-07,-6.3141892E-06)  6.3155298E-06
           7 (-2.9221699E-06,3.4714822E-07)  2.9427179E-06
           8 (5.4955649E-07,-1.6652746E-06)  1.7536111E-06
           9 (1.1078447E-07,2.0204575E-06)  2.0234925E-06
          10 (-1.0390917E-06,-7.6895037E-07)  1.2926702E-06
          11 (-1.9469212E-06,7.6666474E-06)  7.9099927E-06
          12 (8.2578690E-06,-1.0186784E-05)  1.3113465E-05
          13 (-4.5796683E-06,-1.4389083E-06)  4.8003976E-06
          14 (-4.1890416E-06,9.7127822E-06)  1.0577628E-05
          15 (2.0600016E-06,-4.2869237E-06)  4.7561875E-06
          16 (4.0426298E-06,-2.8638556E-06)  4.9542432E-06
          17 (1.0596814E-06,4.0686850E-06)  4.2044171E-06
          18 (-7.7999048E-06,-1.5967014E-06)  7.9616566E-06
          19 (1.6951243E-06,9.3609071E-07)  1.9364174E-06
          20 (1.0426118E-05,-3.1589934E-06)  1.0894181E-05
  sspmis_a   from the matched field workshop 93              
   560.0000              61           1
          20
      5.00
     10.00
     15.00
     20.00
     25.00
     30.00
     35.00
     40.00
     45.00
     50.00
     55.00
     60.00
     65.00
     70.00
     75.00
     80.00
     85.00
     90.00
     95.00
    100.00
           1 (-1.0503038E-06,-8.1759790E-06)  8.2431652E-06
           2 (2.4555789E-06,9.2051459E-06)  9.5270443E-06
           3 (-2.1424089E-06,-3.9289393E-06)  4.4750955E-06
           4 (-2.8936979E-06,5.6910380E-08)  2.8942575E-06
           5 (8.8394972E-06,2.6622733E-06)  9.2317068E-06
           6 (-7.1987888E-06,-3.0495339E-06)  7.8180701E-06
           7 (3.8202911E-06,3.8693006E-06)  5.4374727E-06
           8 (9.9751219E-07,-6.8977961E-06)  6.9695498E-06
           9 (-3.9697452E-06,1.4211996E-06)  4.2164779E-06
          10 (-9.7318537E-07,4.7414537E-06)  4.8402967E-06
          11 (3.2722323E-06,1.5283157E-06)  3.6115443E-06
          12 (-1.2076262E-06,-7.9260462E-06)  8.0175168E-06
          13 (3.9433944E-06,4.7057147E-06)  6.1395531E-06
          14 (-2.9937580E-06,-3.3139713E-08)  2.9939415E-06
          15 (-8.2588449E-06,-1.9970887E-06)  8.4968751E-06
          16 (1.1906477E-05,3.5160483E-06)  1.2414781E-05
          17 (8.2427448E-07,-2.1928706E-06)  2.3426715E-06
          18 (-1.3266574E-05,-1.8778073E-06)  1.3398811E-05
          19 (8.7284952E-06,4.5919355E-06)  9.8626824E-06
          20 (4.9166729E-06,-4.3523055E-06)  6.5662953E-06
  sspmis_a   from the matched field workshop 93              
   570.0000              61           1
          20
      5.00
     10.00
     15.00
     20.00
     25.00
     30.00
     35.00
     40.00
     45.00
     50.00
     55.00
     60.00
     65.00
     70.00
     75.00
     80.00
     85.00
     90.00
     95.00
    100.00
           1 (-1.0814565E-05,-4.1322460E-06)  1.1577145E-05
           2 (1.2152683E-05,3.6003198E-06)  1.2674778E-05
           3 (-5.0656963E-06,-1.8548758E-07)  5.0690910E-06
           4 (-3.7614791E-06,1.0604122E-06)  3.9080942E-06
           5 (6.4150040E-06,-3.3829801E-06)  7.2523671E-06
           6 (-1.2143739E-06,6.7885767E-06)  6.8963382E-06
           7 (2.5976144E-06,-7.0470778E-06)  7.5105863E-06
           8 (-6.8667728E-06,3.7093923E-07)  6.8767845E-06
           9 (4.5090537E-06,1.1124928E-06)  4.6442660E-06
          10 (-1.6519722E-06,-5.8787663E-07)  1.7534569E-06
          11 (-2.6338066E-06,4.6450955E-06)  5.3398362E-06
          12 (4.2876109E-06,-6.8276245E-07)  4.3416326E-06
          13 (5.2622886E-06,-9.7572074E-06)  1.1085792E-05
          14 (-1.0902891E-05,7.0561173E-06)  1.2986987E-05
          15 (-4.4137118E-07,7.7058885E-06)  7.7185186E-06
          16 (1.0342552E-05,-1.3781764E-05)  1.7230943E-05
          17 (-2.7724072E-06,3.4114150E-06)  4.3959067E-06
          18 (-9.8029432E-06,8.3593195E-06)  1.2883164E-05
          19 (8.1877279E-06,-9.0522799E-06)  1.2205845E-05
          20 (4.2359879E-06,3.3513879E-06)  5.4014254E-06
  sspmis_a   from the matched field workshop 93              
   580.0000              61           1
          20
      5.00
     10.00
     15.00
     20.00
     25.00
     30.00
     35.00
     40.00
     45.00
     50.00
     55.00
     60.00
     65.00
     70.00
     75.00
     80.00
     85.00
     90.00
     95.00
    100.00
           1 (-2.6620655E-06,3.0583296E-06)  4.0546238E-06
           2 (3.0097917E-06,-4.3340492E-06)  5.2766304E-06
           3 (-1.9855277E-06,2.7269627E-06)  3.3732249E-06
           4 (6.5901463E-07,1.4234042E-06)  1.5685598E-06
           5 (7.5498178E-08,-3.2127973E-06)  3.2136843E-06
           6 (1.1417733E-06,2.5317368E-06)  2.7772896E-06
           7 (-1.0384030E-06,-1.0742970E-06)  1.4941201E-06
           8 (1.0598129E-06,-2.8521873E-07)  1.0975214E-06
           9 (-1.8648734E-06,-2.1966180E-06)  2.8814725E-06
          10 (-4.4952913E-07,3.3321517E-06)  3.3623371E-06
          11 (2.6227779E-06,1.4434568E-06)  2.9937487E-06
          12 (-7.7582104E-07,-3.3071910E-06)  3.3969709E-06
          13 (-1.3068932E-06,-9.9444560E-07)  1.6422216E-06
          14 (1.3159188E-06,3.4409613E-06)  3.6840001E-06
          15 (-7.0954781E-07,-6.5034487E-07)  9.6250017E-07
          16 (-8.1300192E-07,-1.7712346E-06)  1.9489084E-06
          17 (3.0772962E-06,-3.1199306E-07)  3.0930717E-06
          18 (-2.7150022E-06,2.6727921E-06)  3.8098628E-06
          19 (-1.5245769E-06,-1.0025976E-06)  1.8247018E-06
          20 (5.5054225E-06,-2.4949727E-06)  6.0443831E-06
  sspmis_a   from the matched field workshop 93              
   590.0000              61           1
          20
      5.00
     10.00
     15.00
     20.00
     25.00
     30.00
     35.00
     40.00
     45.00
     50.00
     55.00
     60.00
     65.00
     70.00
     75.00
     80.00
     85.00
     90.00
     95.00
    100.00
           1 (-5.5128762E-06,1.4349214E-06)  5.6965605E-06
           2 (6.9784887E-06,-3.6910196E-06)  7.8944877E-06
           3 (-4.3383448E-06,3.8356948E-06)  5.7908369E-06
           4 (-9.2595783E-08,-5.8460790E-07)  5.9189557E-07
           5 (-3.3767833E-09,-3.8199673E-06)  3.8199687E-06
           6 (8.9337425E-07,6.7439119E-06)  6.8028276E-06
           7 (5.1723464E-07,-2.6172881E-06)  2.6679072E-06
           8 (1.1901315E-06,-1.0804431E-06)  1.6074110E-06
           9 (-2.0114619E-06,-1.4940279E-06)  2.5056133E-06
          10 (7.1484186E-07,2.3295033E-06)  2.4367159E-06
          11 (-1.0197828E-06,-5.3655901E-07)  1.1523248E-06
          12 (-1.9300739E-06,-7.6712706E-07)  2.0769376E-06
          13 (5.8253299E-06,1.8590274E-06)  6.1147734E-06
          14 (-1.2288021E-06,-1.3436841E-06)  1.8208355E-06
          15 (-6.5250470E-06,-2.4742212E-06)  6.9783960E-06
          16 (4.6830442E-06,5.8080177E-06)  7.4608292E-06
          17 (4.7460239E-06,-2.9014341E-06)  5.5626488E-06
          18 (-7.7595496E-06,-2.7963738E-06)  8.2480492E-06
          19 (6.6348775E-08,4.7008816E-06)  4.7013500E-06
          20 (8.5076454E-06,-2.4913707E-06)  8.8649285E-06
  sspmis_a   from the matched field workshop 93              
   600.0000              61           1
          20
      5.00
     10.00
     15.00
     20.00
     25.00
     30.00
     35.00
     40.00
     45.00
     50.00
     55.00
     60.00
     65.00
     70.00
     75.00
     80.00
     85.00
     90.00
     95.00
    100.00
           1 (3.5931316E-06,9.1971924E-06)  9.8741557E-06
           2 (-6.3876369E-06,-1.1827950E-05)  1.3442556E-05
           3 (5.0514404E-06,6.0400930E-06)  7.8739931E-06
           4 (-2.1913468E-06,8.2301176E-07)  2.3408008E-06
           5 (-2.9186137E-06,-8.6600721E-08)  2.9198982E-06
           6 (7.2261355E-06,-1.5285866E-06)  7.3860415E-06
           7 (-5.0208896E-06,3.8359603E-06)  6.3185380E-06
           8 (3.3253964E-06,-2.8243619E-06)  4.3629443E-06
           9 (-3.5551579E-07,-3.0953497E-06)  3.1156992E-06
          10 (-4.1384096E-06,-1.0882533E-06)  4.2791039E-06
          11 (1.8517972E-07,8.0760237E-06)  8.0781465E-06
          12 (5.0943809E-06,1.2724604E-07)  5.0959698E-06
          13 (-7.5024218E-08,-1.2978823E-05)  1.2979040E-05
          14 (-4.4022427E-06,8.3404539E-06)  9.4309553E-06
          15 (-2.7557257E-06,8.7813542E-06)  9.2035971E-06
          16 (1.0041826E-05,-1.3110557E-05)  1.6514387E-05
          17 (-4.4181306E-06,2.2797694E-06)  4.9716423E-06
          18 (-7.6451715E-06,7.5838734E-06)  1.0768648E-05
          19 (1.0894353E-05,-6.3246111E-06)  1.2597128E-05
          20 (-2.6437247E-06,-1.0357396E-06)  2.8393727E-06
  sspmis_a   from the matched field workshop 93              
   610.0000              61           1
          20
      5.00
     10.00
     15.00
     20.00
     25.00
     30.00
     35.00
     40.00
     45.00
     50.00
     55.00
     60.00
     65.00
     70.00
     75.00
     80.00
     85.00
     90.00
     95.00
    100.00
           1 (3.4885645E-06,-3.6701010E-06)  5.0635681E-06
           2 (-5.6895160E-06,5.5642377E-06)  7.9580986E-06
           3 (3.4170748E-06,-5.1092679E-06)  6.1466267E-06
           4 (1.7661236E-07,2.5296342E-06)  2.5357920E-06
           5 (-6.2189196E-07,2.5853712E-06)  2.6591154E-06
           6 (-3.0511882E-07,-2.9114613E-06)  2.9274056E-06
           7 (3.6063648E-06,2.5041177E-07)  3.6150482E-06
           8 (-3.8157723E-06,-1.6700908E-06)  4.1652515E-06
           9 (-8.9586246E-07,9.7504085E-07)  1.3241126E-06
          10 (1.5891417E-06,1.4449300E-06)  2.1478347E-06
          11 (1.7089952E-06,-1.0335090E-06)  1.9971994E-06
          12 (-9.3735241E-07,1.5098357E-07)  9.4943437E-07
          13 (-2.6491725E-06,8.1178359E-07)  2.7707595E-06
          14 (2.4998562E-06,-3.0723063E-06)  3.9608517E-06
          15 (1.2371586E-06,4.5777388E-06)  4.7419671E-06
          16 (-4.9585078E-06,-7.8694688E-07)  5.0205663E-06
          17 (4.6324326E-06,-5.2814316E-06)  7.0251658E-06
          18 (1.0957606E-07,6.7831265E-06)  6.7840115E-06
          19 (-5.2784421E-06,-1.3969678E-06)  5.4601715E-06
          20 (5.2441160E-06,-5.5567848E-06)  7.6405895E-06
  sspmis_a   from the matched field workshop 93              
   620.0000              61           1
          20
      5.00
     10.00
     15.00
     20.00
     25.00
     30.00
     35.00
     40.00
     45.00
     50.00
     55.00
     60.00
     65.00
     70.00
     75.00
     80.00
     85.00
     90.00
     95.00
    100.00
           1 (-5.8812213E-07,1.2449966E-06)  1.3769184E-06
           2 (5.0351019E-07,-1.9638114E-06)  2.0273326E-06
           3 (3.5073958E-07,1.7642981E-06)  1.7988235E-06
           4 (-3.9217667E-07,-8.5722985E-07)  9.4268000E-07
           5 (-6.0413832E-08,-4.4595185E-07)  4.5002542E-07
           6 (2.9176570E-07,5.9943022E-07)  6.6666621E-07
           7 (-8.6130768E-07,-6.4332880E-08)  8.6370693E-07
           8 (4.5963037E-07,-2.3295037E-07)  5.1529213E-07
           9 (5.9749908E-08,5.4930194E-07)  5.5254202E-07
          10 (3.7798154E-07,4.1781533E-08)  3.8028375E-07
          11 (-1.4373187E-07,-9.0911487E-07)  9.2040682E-07
          12 (-7.5586746E-07,1.6002389E-08)  7.5603685E-07
          13 (3.1053978E-07,1.1178408E-06)  1.1601737E-06
          14 (1.3130821E-06,2.2000773E-07)  1.3313858E-06
          15 (-1.2151670E-06,-1.8261212E-06)  2.1934788E-06
          16 (-3.2865350E-07,5.0642126E-07)  6.0371815E-07
          17 (1.0768747E-06,2.3782379E-06)  2.6106848E-06
          18 (-4.5844530E-07,-2.5771787E-06)  2.6176367E-06
          19 (-3.2222079E-07,-4.7745016E-07)  5.7600772E-07
          20 (5.1172691E-07,2.9803041E-06)  3.0239175E-06
  sspmis_a   from the matched field workshop 93              
   630.0000              61           1
          20
      5.00
     10.00
     15.00
     20.00
     25.00
     30.00
     35.00
     40.00
     45.00
     50.00
     55.00
     60.00
     65.00
     70.00
     75.00
     80.00
     85.00
     90.00
     95.00
    100.00
           1 (5.3598831E-07,-4.3447540E-06)  4.3776899E-06
           2 (-7.8084690E-07,4.9442469E-06)  5.0055269E-06
           3 (-1.1417088E-06,-4.6095824E-06)  4.7488684E-06
           4 (2.2279041E-06,2.4554508E-06)  3.3155386E-06
           5 (-1.3384168E-06,8.3691333E-07)  1.5785384E-06
           6 (-1.1207254E-06,-6.3774974E-07)  1.2894767E-06
           7 (2.5765526E-06,1.0793397E-06)  2.7934918E-06
           8 (-4.9418691E-07,-3.3399030E-07)  5.9646476E-07
           9 (-8.1999576E-07,-2.3585662E-06)  2.4970439E-06
          10 (-1.2327675E-06,2.9267011E-07)  1.2670326E-06
          11 (1.8544112E-06,2.8506333E-06)  3.4007280E-06
          12 (8.7172111E-07,-7.6427170E-07)  1.1593140E-06
          13 (-7.3076433E-07,-3.2082969E-06)  3.2904688E-06
          14 (-2.0278394E-06,2.2450722E-06)  3.0253068E-06
          15 (2.0284058E-06,2.1159474E-06)  2.9311539E-06
          16 (1.5857561E-06,-2.9090650E-06)  3.3131980E-06
          17 (-3.5105722E-06,-1.5397944E-06)  3.8334169E-06
          18 (7.3129070E-07,4.7821600E-06)  4.8377515E-06
          19 (3.7664231E-06,-1.6533990E-06)  4.1133526E-06
          20 (-3.5106787E-06,-3.6515212E-06)  5.0654194E-06
  sspmis_a   from the matched field workshop 93              
   640.0000              61           1
          20
      5.00
     10.00
     15.00
     20.00
     25.00
     30.00
     35.00
     40.00
     45.00
     50.00
     55.00
     60.00
     65.00
     70.00
     75.00
     80.00
     85.00
     90.00
     95.00
    100.00
           1 (-3.8672852E-06,3.0755934E-06)  4.9411710E-06
           2 (6.0926163E-06,-6.2416502E-06)  8.7222797E-06
           3 (-4.6682708E-06,7.8952598E-06)  9.1721249E-06
           4 (-8.2489771E-07,-4.4516319E-06)  4.5274146E-06
           5 (3.6291037E-06,2.1777946E-06)  4.2323968E-06
           6 (-4.8390405E-07,1.0996279E-06)  1.2013927E-06
           7 (-7.3955516E-07,-4.2542861E-06)  4.3180889E-06
           8 (1.2057220E-06,1.0560836E-06)  1.6028345E-06
           9 (-1.9333297E-06,7.5645312E-07)  2.0760504E-06
          10 (-3.9359441E-07,1.3889616E-06)  1.4436519E-06
          11 (5.8392186E-07,-1.8458909E-06)  1.9360471E-06
          12 (4.3009477E-06,5.6818863E-08)  4.3013229E-06
          13 (-4.7512017E-06,1.3131876E-07)  4.7530161E-06
          14 (-6.5987064E-07,-2.6863045E-06)  2.7661636E-06
          15 (4.6962814E-06,4.9101527E-06)  6.7944579E-06
          16 (-3.4228187E-06,-4.9517166E-07)  3.4584509E-06
          17 (1.1642760E-07,-5.1803750E-06)  5.1816833E-06
          18 (3.6182419E-06,4.0470932E-06)  5.4286866E-06
          19 (-6.7402302E-06,1.4047384E-06)  6.8850559E-06
          20 (2.3740324E-06,-3.9217543E-06)  4.5843417E-06
  sspmis_a   from the matched field workshop 93              
   650.0000              61           1
          20
      5.00
     10.00
     15.00
     20.00
     25.00
     30.00
     35.00
     40.00
     45.00
     50.00
     55.00
     60.00
     65.00
     70.00
     75.00
     80.00
     85.00
     90.00
     95.00
    100.00
           1 (6.2316581E-06,2.7310159E-06)  6.8038230E-06
           2 (-7.4779300E-06,3.0509455E-07)  7.4841514E-06
           3 (8.9953664E-06,-2.1603344E-06)  9.2511436E-06
           4 (-5.2423056E-06,4.2556635E-06)  6.7522174E-06
           5 (-5.8508556E-07,-4.2311867E-06)  4.2714478E-06
           6 (3.4506240E-06,8.5873421E-07)  3.5558728E-06
           7 (-3.2662733E-06,2.1942208E-07)  3.2736352E-06
           8 (-6.8189070E-07,-3.7683997E-06)  3.8295966E-06
           9 (5.0936740E-07,4.1397461E-06)  4.1709654E-06
          10 (3.1779848E-06,1.6832860E-07)  3.1824395E-06
          11 (1.1932384E-06,-5.0909478E-07)  1.2973031E-06
          12 (-6.1803767E-06,-4.8640150E-06)  7.8648391E-06
          13 (3.2232608E-06,5.7478910E-06)  6.5899667E-06
          14 (4.5905472E-07,5.0308918E-06)  5.0517920E-06
          15 (3.9748102E-08,-1.4117129E-05)  1.4117186E-05
          16 (3.3637571E-07,4.7763501E-06)  4.7881799E-06
          17 (-4.4648000E-06,1.2107010E-05)  1.2904035E-05
          18 (5.8222499E-06,-1.3255112E-05)  1.4477451E-05
          19 (2.8660781E-06,-3.6358085E-07)  2.8890474E-06
          20 (-9.0502344E-06,1.0567170E-05)  1.3913009E-05
  sspmis_a   from the matched field workshop 93              
   660.0000              61           1
          20
      5.00
     10.00
     15.00
     20.00
     25.00
     30.00
     35.00
     40.00
     45.00
     50.00
     55.00
     60.00
     65.00
     70.00
     75.00
     80.00
     85.00
     90.00
     95.00
    100.00
           1 (-2.6891407E-06,-4.5336003E-07)  2.7270887E-06
           2 (4.1111016E-06,1.2560796E-06)  4.2987081E-06
           3 (-3.8916960E-06,1.9282834E-07)  3.8964704E-06
           4 (2.9329658E-06,-3.1552327E-06)  4.3078744E-06
           5 (-1.0789927E-06,1.9490053E-06)  2.2277447E-06
           6 (-2.4403180E-06,-8.9620386E-07)  2.5996794E-06
           7 (2.2896772E-06,7.6376102E-07)  2.4137009E-06
           8 (-1.2125810E-07,2.1305866E-06)  2.1340345E-06
           9 (5.4362658E-07,-2.8077250E-06)  2.8598688E-06
          10 (-4.8353229E-07,1.5545618E-07)  5.0790754E-07
          11 (-1.7885022E-06,-5.1122942E-07)  1.8601332E-06
          12 (2.2272736E-06,2.3472285E-06)  3.2357734E-06
          13 (-1.1348566E-06,-8.0968164E-07)  1.3940888E-06
          14 (1.0416989E-06,-3.2848750E-06)  3.4460907E-06
          15 (8.3611440E-08,5.3403669E-06)  5.3410213E-06
          16 (-1.3677911E-06,-1.4678576E-06)  2.0063546E-06
          17 (1.8467224E-06,-5.3071662E-06)  5.6192880E-06
          18 (-2.6034095E-06,6.2374916E-06)  6.7589972E-06
          19 (1.0269055E-06,1.3369598E-06)  1.6858222E-06
          20 (2.7226461E-06,-6.2144363E-06)  6.7846900E-06
  sspmis_a   from the matched field workshop 93              
   670.0000              61           1
          20
      5.00
     10.00
     15.00
     20.00
     25.00
     30.00
     35.00
     40.00
     45.00
     50.00
     55.00
     60.00
     65.00
     70.00
     75.00
     80.00
     85.00
     90.00
     95.00
    100.00
           1 (3.2539829E-06,5.2724781E-06)  6.1957589E-06
           2 (-1.1502835E-05,-4.1160392E-06)  1.2217078E-05
           3 (1.1346312E-05,3.8618869E-06)  1.1985531E-05
           4 (-9.1670963E-06,3.3856388E-06)  9.7723187E-06
           5 (3.9158194E-06,-8.2410061E-06)  9.1240245E-06
           6 (1.6998727E-06,5.8516953E-06)  6.0935954E-06
           7 (-6.7931805E-06,-1.5081148E-06)  6.9585712E-06
           8 (8.2771276E-06,-4.6310179E-06)  9.4845755E-06
           9 (-1.3976087E-06,4.6896071E-06)  4.8934367E-06
          10 (-3.4064751E-06,-4.7645481E-06)  5.8570463E-06
          11 (4.6942305E-06,6.9876037E-06)  8.4179810E-06
          12 (-1.6607448E-06,-1.8391249E-06)  2.4779940E-06
          13 (2.1693181E-06,-5.2779760E-06)  5.7063976E-06
          14 (-7.7801051E-06,7.5888552E-06)  1.0868337E-05
          15 (2.2085708E-06,-2.2353800E-06)  3.1424049E-06
          16 (8.4805661E-06,-3.0045999E-06)  8.9970899E-06
          17 (-5.6155945E-06,1.4240804E-06)  5.7933503E-06
          18 (2.2628240E-06,-1.1055025E-06)  2.5184336E-06
          19 (-5.8449632E-06,-3.5088003E-06)  6.8172776E-06
          20 (4.7540198E-08,6.0142561E-06)  6.0144439E-06
  sspmis_a   from the matched field workshop 93              
   680.0000              61           1
          20
      5.00
     10.00
     15.00
     20.00
     25.00
     30.00
     35.00
     40.00
     45.00
     50.00
     55.00
     60.00
     65.00
     70.00
     75.00
     80.00
     85.00
     90.00
     95.00
    100.00
           1 (3.8739558E-06,-1.0512312E-05)  1.1203403E-05
           2 (-4.1280596E-06,1.0617018E-05)  1.1391310E-05
           3 (-3.5340586E-06,-1.5056356E-05)  1.5465555E-05
           4 (6.5421827E-06,1.5296348E-05)  1.6636659E-05
           5 (-8.7117360E-06,1.6120321E-06)  8.8596271E-06
           6 (1.3114666E-05,-5.3892245E-06)  1.4178794E-05
           7 (2.1889882E-06,5.0231056E-06)  5.4793486E-06
           8 (-1.2583148E-05,-1.2720669E-05)  1.7892766E-05
           9 (3.5831263E-06,1.3146545E-06)  3.8166886E-06
          10 (-6.0056641E-06,1.5088214E-05)  1.6239526E-05
          11 (8.4928961E-06,-8.6363825E-06)  1.2112654E-05
          12 (7.3594615E-06,-3.2134801E-06)  8.0304499E-06
          13 (-1.3739878E-05,1.5224318E-06)  1.3823967E-05
          14 (4.7131093E-06,3.9749593E-06)  6.1655251E-06
          15 (1.0813475E-05,-3.7550847E-06)  1.1446918E-05
          16 (-1.3393098E-05,-2.1931858E-06)  1.3571483E-05
          17 (-1.1122909E-05,8.2821916E-06)  1.3867725E-05
          18 (2.2264370E-05,-4.5121951E-06)  2.2717000E-05
          19 (1.0563316E-06,5.8733622E-06)  5.9675976E-06
          20 (-1.7559141E-05,-3.2020384E-06)  1.7848712E-05
  sspmis_a   from the matched field workshop 93              
   690.0000              61           1
          20
      5.00
     10.00
     15.00
     20.00
     25.00
     30.00
     35.00
     40.00
     45.00
     50.00
     55.00
     60.00
     65.00
     70.00
     75.00
     80.00
     85.00
     90.00
     95.00
    100.00
           1 (-3.3369834E-06,-1.1635929E-06)  3.5340354E-06
           2 (1.0026620E-05,2.6747796E-06)  1.0377261E-05
           3 (-7.7348341E-06,3.1696572E-08)  7.7348986E-06
           4 (7.4897557E-06,-6.0406983E-06)  9.6221866E-06
           5 (-3.1404518E-06,6.5677214E-06)  7.2799312E-06
           6 (-3.6615484E-06,-4.1522285E-06)  5.5360579E-06
           7 (6.8241793E-06,1.9726131E-06)  7.1035643E-06
           8 (-3.9758174E-06,5.9384288E-06)  7.1464719E-06
           9 (-1.4280847E-06,-6.0316847E-06)  6.1984392E-06
          10 (6.6131133E-06,3.1028669E-06)  7.3048650E-06
          11 (-6.3318575E-06,-2.7067449E-07)  6.3376401E-06
          12 (-3.7577377E-06,-7.9615011E-06)  8.8037541E-06
          13 (3.3496513E-06,7.2147504E-06)  7.9544197E-06
          14 (1.3254289E-06,5.7031320E-06)  5.8551241E-06
          15 (-1.4377651E-06,-1.2405251E-05)  1.2488292E-05
          16 (5.2510504E-06,2.2203812E-06)  5.7011948E-06
          17 (2.9363530E-06,1.3338153E-05)  1.3657544E-05
          18 (-8.4142512E-06,-1.7610877E-05)  1.9517751E-05
          19 (-6.1905592E-07,-4.5866085E-07)  7.7045439E-07
          20 (3.9117222E-06,1.7785705E-05)  1.8210791E-05
  sspmis_a   from the matched field workshop 93              
   700.0000              61           1
          20
      5.00
     10.00
     15.00
     20.00
     25.00
     30.00
     35.00
     40.00
     45.00
     50.00
     55.00
     60.00
     65.00
     70.00
     75.00
     80.00
     85.00
     90.00
     95.00
    100.00
           1 (3.5983612E-07,-1.0200432E-06)  1.0816516E-06
           2 (3.7958156E-07,1.0224766E-06)  1.0906606E-06
           3 (-6.2023719E-07,-1.8295729E-06)  1.9318466E-06
           4 (6.9307310E-07,8.5214231E-07)  1.0984065E-06
           5 (-1.7854385E-06,2.7115183E-07)  1.8059109E-06
           6 (6.5842062E-07,1.0479734E-07)  6.6670850E-07
           7 (7.9780580E-07,1.4655849E-06)  1.6686621E-06
           8 (-2.8439068E-08,-7.5478141E-07)  7.5531699E-07
           9 (6.9223580E-07,-1.7156698E-06)  1.8500576E-06
          10 (-9.3299087E-07,6.6547830E-07)  1.1460075E-06
          11 (-1.4854138E-06,4.2818743E-07)  1.5458974E-06
          12 (1.4719344E-06,-5.6585679E-07)  1.5769543E-06
          13 (5.5785301E-07,7.0280237E-07)  8.9729099E-07
          14 (-1.9933561E-06,5.2862924E-07)  2.0622604E-06
          15 (1.7785188E-06,-1.2044359E-06)  2.1479746E-06
          16 (1.6691705E-06,4.3955228E-07)  1.7260754E-06
          17 (-2.6992091E-06,6.8578839E-07)  2.7849660E-06
          18 (1.0296604E-06,-1.4620679E-06)  1.7882514E-06
          19 (-1.9291943E-07,-3.4711763E-07)  3.9712538E-07
          20 (-1.2771137E-06,1.6051121E-06)  2.0511957E-06
  sspmis_a   from the matched field workshop 93              
   710.0000              61           1
          20
      5.00
     10.00
     15.00
     20.00
     25.00
     30.00
     35.00
     40.00
     45.00
     50.00
     55.00
     60.00
     65.00
     70.00
     75.00
     80.00
     85.00
     90.00
     95.00
    100.00
           1 (-4.0704167E-06,-8.9607965E-07)  4.1678832E-06
           2 (6.2734930E-06,4.4819481E-06)  7.7100303E-06
           3 (-6.9301741E-06,6.7596352E-07)  6.9630623E-06
           4 (9.1680213E-06,-2.5590066E-06)  9.5184623E-06
           5 (-2.7164381E-06,3.7536711E-06)  4.6334740E-06
           6 (4.8635229E-09,-6.3103034E-06)  6.3103053E-06
           7 (2.1167568E-06,1.6728001E-06)  2.6979474E-06
           8 (-3.9771412E-06,1.8090142E-06)  4.3692316E-06
           9 (-4.0206551E-06,-3.9684789E-07)  4.0401924E-06
          10 (2.0617249E-06,4.1491912E-06)  4.6331952E-06
          11 (4.4653912E-06,7.6453771E-06)  8.8538982E-06
          12 (-4.6593118E-07,-8.8897450E-06)  8.9019468E-06
          13 (6.9941689E-07,-1.0957983E-05)  1.0980281E-05
          14 (-5.0499784E-06,1.2291668E-05)  1.3288619E-05
          15 (-3.5289079E-06,-2.4215337E-06)  4.2798383E-06
          16 (4.1933999E-06,-1.0904325E-05)  1.1682847E-05
          17 (-4.0921268E-06,1.0546975E-05)  1.1313010E-05
          18 (6.0876373E-06,2.3786681E-06)  6.5358540E-06
          19 (-1.3364074E-06,6.6698101E-07)  1.4936026E-06
          20 (-1.8893119E-06,-1.3766447E-06)  2.3376590E-06
  sspmis_a   from the matched field workshop 93              
   720.0000              61           1
          20
      5.00
     10.00
     15.00
     20.00
     25.00
     30.00
     35.00
     40.00
     45.00
     50.00
     55.00
     60.00
     65.00
     70.00
     75.00
     80.00
     85.00
     90.00
     95.00
    100.00
           1 (-4.1692383E-06,5.7089687E-07)  4.2081433E-06
           2 (4.8050651E-06,-8.1059561E-06)  9.4231191E-06
           3 (-7.4269942E-06,5.5766272E-06)  9.2875734E-06
           4 (-1.3142551E-06,-8.8417710E-06)  8.9389141E-06
           5 (-6.9539055E-08,1.1450444E-05)  1.1450655E-05
           6 (-2.6308667E-06,7.9239715E-07)  2.7476085E-06
           7 (1.0869132E-05,3.5054675E-06)  1.1420435E-05
           8 (3.9199176E-06,-3.5915232E-06)  5.3164645E-06
           9 (9.4348661E-07,-6.7946557E-06)  6.8598479E-06
          10 (-8.7888257E-06,-1.7674108E-06)  8.9647756E-06
          11 (2.1849610E-06,-5.7239845E-08)  2.1857106E-06
          12 (-1.4010316E-06,6.8034997E-06)  6.9462576E-06
          13 (-1.1756227E-05,-2.5852710E-06)  1.2037130E-05
          14 (9.5825235E-06,6.8304221E-06)  1.1767728E-05
          15 (8.3998566E-06,3.4321488E-06)  9.0739868E-06
          16 (-7.3260926E-06,-7.3762171E-06)  1.0396163E-05
          17 (-4.4650133E-06,6.7800020E-06)  8.1181752E-06
          18 (1.2055664E-05,-1.3255074E-05)  1.7917479E-05
          19 (7.6217816E-08,9.0053857E-07)  9.0375818E-07
          20 (-1.2431895E-05,1.0005654E-05)  1.5958231E-05
  sspmis_a   from the matched field workshop 93              
   730.0000              61           1
          20
      5.00
     10.00
     15.00
     20.00
     25.00
     30.00
     35.00
     40.00
     45.00
     50.00
     55.00
     60.00
     65.00
     70.00
     75.00
     80.00
     85.00
     90.00
     95.00
    100.00
           1 (2.9644536E-07,4.9481023E-06)  4.9569744E-06
           2 (1.1130055E-06,-5.1260267E-06)  5.2454675E-06
           3 (4.1121457E-06,8.1425424E-06)  9.1219918E-06
           4 (-3.2731205E-06,-8.0538048E-06)  8.6935088E-06
           5 (7.1501831E-06,2.0662974E-06)  7.4427617E-06
           6 (-7.7052246E-06,-3.4433235E-06)  8.4396070E-06
           7 (4.9949031E-06,-4.0299419E-06)  6.4179039E-06
           8 (-7.1459967E-06,2.0113732E-06)  7.4236709E-06
           9 (-2.0274301E-06,-3.4827756E-06)  4.0299128E-06
          10 (3.7900190E-07,1.4386602E-05)  1.4391593E-05
          11 (3.4733971E-06,7.0370879E-07)  3.5439657E-06
          12 (1.5778025E-05,-6.4872938E-06)  1.7059632E-05
          13 (-5.7170560E-06,3.7559380E-07)  5.7293805E-06
          14 (-4.7535023E-06,-1.3775830E-06)  4.9490927E-06
          15 (4.9318405E-06,-7.0611568E-06)  8.6129548E-06
          16 (-2.1715523E-06,-5.3859719E-07)  2.2373481E-06
          17 (-4.9277542E-06,1.6905267E-05)  1.7608829E-05
          18 (-4.0330592E-06,-1.1969627E-05)  1.2630817E-05
          19 (-1.7577395E-07,-7.9705137E-07)  8.1620300E-07
          20 (2.4197916E-06,1.3892257E-05)  1.4101425E-05
  sspmis_a   from the matched field workshop 93              
   740.0000              61           1
          20
      5.00
     10.00
     15.00
     20.00
     25.00
     30.00
     35.00
     40.00
     45.00
     50.00
     55.00
     60.00
     65.00
     70.00
     75.00
     80.00
     85.00
     90.00
     95.00
    100.00
           1 (1.1300058E-06,1.2311421E-06)  1.6711145E-06
           2 (-4.7259514E-06,-4.1189251E-06)  6.2689842E-06
           3 (3.2929679E-06,2.0049815E-06)  3.8553326E-06
           4 (-8.7082717E-06,-9.0692038E-07)  8.7553699E-06
           5 (5.0585054E-06,9.7925044E-07)  5.1524175E-06
           6 (-5.0796748E-06,7.2591893E-06)  8.8599618E-06
           7 (7.1206664E-06,-3.9129850E-06)  8.1249827E-06
           8 (4.5081483E-06,5.4724505E-06)  7.0902129E-06
           9 (-3.2832224E-06,-9.8302007E-06)  1.0363995E-05
          10 (6.2664394E-06,-4.6185960E-07)  6.2834370E-06
          11 (-5.8125697E-06,2.2794702E-06)  6.2435529E-06
          12 (-2.7461947E-06,-1.1194373E-05)  1.1526299E-05
          13 (-2.4512340E-06,3.1234804E-06)  3.9704760E-06
          14 (-1.9358154E-06,1.2183457E-05)  1.2336289E-05
          15 (6.1257435E-07,-2.2498625E-06)  2.3317652E-06
          16 (1.2096752E-06,-7.4806767E-06)  7.5778516E-06
          17 (7.0387641E-06,1.0528277E-05)  1.2664471E-05
          18 (-2.1543083E-06,-3.2041803E-06)  3.8610642E-06
          19 (-1.4405761E-06,-6.8873010E-07)  1.5967494E-06
          20 (3.0919991E-06,3.8900725E-06)  4.9692176E-06
  sspmis_a   from the matched field workshop 93              
   750.0000              61           1
          20
      5.00
     10.00
     15.00
     20.00
     25.00
     30.00
     35.00
     40.00
     45.00
     50.00
     55.00
     60.00
     65.00
     70.00
     75.00
     80.00
     85.00
     90.00
     95.00
    100.00
           1 (9.8726014E-07,1.7665693E-06)  2.0237217E-06
           2 (-1.6053261E-06,-1.2484169E-06)  2.0336215E-06
           3 (3.7025757E-06,2.8452403E-06)  4.6695245E-06
           4 (-3.3205649E-06,-1.0484293E-06)  3.4821480E-06
           5 (5.5735745E-06,-5.8964929E-07)  5.6046783E-06
           6 (-4.0025816E-06,2.0102023E-06)  4.4790145E-06
           7 (3.5173407E-06,-5.6753397E-06)  6.6769130E-06
           8 (7.1969760E-07,3.5827302E-06)  3.6543015E-06
           9 (-5.9357662E-06,-7.1305953E-06)  9.2778610E-06
          10 (1.4412542E-06,-1.9489846E-08)  1.4413860E-06
          11 (-4.9691616E-06,7.5047583E-06)  9.0007761E-06
          12 (1.7703735E-07,-1.8346281E-06)  1.8431501E-06
          13 (3.6828953E-06,-7.8375342E-07)  3.7653670E-06
          14 (1.7420407E-06,6.0070506E-06)  6.2545473E-06
          15 (1.2606451E-06,-3.8114604E-07)  1.3170036E-06
          16 (5.5926716E-07,-8.2808310E-06)  8.2996949E-06
          17 (2.5530414E-07,3.5683790E-06)  3.5775004E-06
          18 (2.2738877E-06,-1.9479992E-06)  2.9942055E-06
          19 (-3.7437368E-07,-1.9246951E-07)  4.2095149E-07
          20 (-1.8841367E-06,2.6920056E-06)  3.2858584E-06
  sspmis_a   from the matched field workshop 93              
   760.0000              61           1
          20
      5.00
     10.00
     15.00
     20.00
     25.00
     30.00
     35.00
     40.00
     45.00
     50.00
     55.00
     60.00
     65.00
     70.00
     75.00
     80.00
     85.00
     90.00
     95.00
    100.00
           1 (3.0157648E-06,9.0072098E-07)  3.1474015E-06
           2 (-5.3078857E-06,-3.8818453E-06)  6.5758932E-06
           3 (8.0773143E-06,-5.3756150E-07)  8.0951822E-06
           4 (-1.1259066E-05,-1.2342298E-06)  1.1326512E-05
           5 (7.0955884E-06,-7.5235039E-06)  1.0341687E-05
           6 (-1.1646917E-05,1.1481583E-05)  1.6354737E-05
           7 (-2.8436443E-06,-9.4167526E-06)  9.8367445E-06
           8 (8.8498646E-06,1.6466120E-05)  1.8693667E-05
           9 (-1.0910166E-05,-7.5350931E-07)  1.0936155E-05
          10 (1.0619406E-05,-5.1383909E-06)  1.1797239E-05
          11 (5.3408694E-06,1.4639221E-05)  1.5583058E-05
          12 (3.3481590E-06,-4.1684089E-06)  5.3465692E-06
          13 (3.3492533E-06,-1.7062233E-05)  1.7387849E-05
          14 (1.2693755E-07,-9.1042682E-07)  9.1923346E-07
          15 (-2.0439707E-06,4.4598387E-06)  4.9059126E-06
          16 (-7.2814059E-06,-9.9891258E-06)  1.2361291E-05
          17 (-7.2262901E-06,8.0502186E-06)  1.0817823E-05
          18 (6.3447874E-06,-4.7824833E-06)  7.9453430E-06
          19 (1.4022557E-06,-9.7745919E-07)  1.7093121E-06
          20 (-5.2552155E-06,7.1049476E-06)  8.8372826E-06
  sspmis_a   from the matched field workshop 93              
   770.0000              61           1
          20
      5.00
     10.00
     15.00
     20.00
     25.00
     30.00
     35.00
     40.00
     45.00
     50.00
     55.00
     60.00
     65.00
     70.00
     75.00
     80.00
     85.00
     90.00
     95.00
    100.00
           1 (3.7899645E-06,-1.4865637E-06)  4.0710811E-06
           2 (-4.0183195E-06,6.7270157E-06)  7.8357916E-06
           3 (7.8742669E-06,-7.5166149E-06)  1.0885935E-05
           4 (-4.3671344E-07,1.3437641E-05)  1.3444735E-05
           5 (-2.3482016E-07,-1.5255186E-05)  1.5256993E-05
           6 (1.2297810E-05,1.3158057E-05)  1.8010291E-05
           7 (-1.3635831E-05,-6.2122604E-06)  1.4984261E-05
           8 (2.0336249E-05,-1.0431884E-05)  2.2855791E-05
           9 (-7.8526236E-06,4.7692843E-06)  9.1874790E-06
          10 (-1.4757436E-05,-1.6522508E-05)  2.2153446E-05
          11 (9.0510844E-07,3.1306145E-06)  3.2588293E-06
          12 (-2.0822756E-06,6.4981186E-06)  6.8235927E-06
          13 (-1.4960533E-05,2.2907275E-06)  1.5134893E-05
          14 (-5.7695247E-06,8.0045202E-06)  9.8671053E-06
          15 (1.4247586E-05,7.2153680E-06)  1.5970449E-05
          16 (2.0506616E-06,-3.6431832E-06)  4.1806693E-06
          17 (2.5099102E-06,1.3807610E-05)  1.4033879E-05
          18 (-2.7389115E-07,-9.6569447E-06)  9.6608283E-06
          19 (-2.3662369E-06,-3.5908879E-06)  4.3004129E-06
          20 (-5.5307464E-07,1.1382082E-05)  1.1395511E-05
  sspmis_a   from the matched field workshop 93              
   780.0000              61           1
          20
      5.00
     10.00
     15.00
     20.00
     25.00
     30.00
     35.00
     40.00
     45.00
     50.00
     55.00
     60.00
     65.00
     70.00
     75.00
     80.00
     85.00
     90.00
     95.00
    100.00
           1 (-5.9008107E-07,-3.1367315E-06)  3.1917518E-06
           2 (1.1785617E-06,4.5141437E-06)  4.6654582E-06
           3 (-4.5641245E-06,-7.5425169E-06)  8.8159395E-06
           4 (5.8977043E-06,5.1746347E-06)  7.8460025E-06
           5 (-1.3319836E-05,-3.4282539E-06)  1.3753944E-05
           6 (8.5424253E-06,-1.0581587E-06)  8.6077134E-06
           7 (-9.7006423E-06,1.2635403E-05)  1.5929716E-05
           8 (1.5466460E-06,-7.8779985E-06)  8.0283853E-06
           9 (6.3523839E-06,7.6753804E-06)  9.9631443E-06
          10 (-5.9879098E-06,4.8484003E-06)  7.7046770E-06
          11 (4.6792966E-06,4.0393434E-06)  6.1815945E-06
          12 (1.1048769E-05,-3.6509973E-06)  1.1636369E-05
          13 (4.9121677E-06,-2.0100611E-06)  5.3075169E-06
          14 (-9.9254260E-07,2.2464728E-06)  2.4559683E-06
          15 (3.6931071E-06,-8.0651525E-06)  8.8704974E-06
          16 (-6.4911624E-06,-1.1141554E-05)  1.2894549E-05
          17 (2.5635195E-06,6.5182207E-06)  7.0042011E-06
          18 (-3.2361515E-06,-2.0108923E-06)  3.8100347E-06
          19 (-1.6566943E-06,3.8380603E-07)  1.7005714E-06
          20 (5.6068429E-06,6.9010021E-06)  8.8915986E-06
  sspmis_a   from the matched field workshop 93              
   790.0000              61           1
          20
      5.00
     10.00
     15.00
     20.00
     25.00
     30.00
     35.00
     40.00
     45.00
     50.00
     55.00
     60.00
     65.00
     70.00
     75.00
     80.00
     85.00
     90.00
     95.00
    100.00
           1 (-6.6503321E-07,-9.0867763E-07)  1.1260391E-06
           2 (2.3207622E-06,2.0012740E-06)  3.0644794E-06
           3 (-2.6108955E-06,-1.5047688E-06)  3.0134870E-06
           4 (5.3847498E-06,7.0551300E-07)  5.4307716E-06
           5 (-4.4070707E-06,1.3442946E-06)  4.6075374E-06
           6 (4.1708759E-06,-3.8700296E-06)  5.6897570E-06
           7 (1.7438970E-07,5.4664033E-06)  5.4691841E-06
           8 (5.3632903E-08,-3.9457354E-06)  3.9461002E-06
           9 (3.9512993E-06,-1.9847662E-06)  4.4217713E-06
          10 (-9.8764417E-07,-1.9651429E-06)  2.1993699E-06
          11 (-1.0182471E-06,7.0568075E-07)  1.2388755E-06
          12 (-1.0104070E-06,-4.3913788E-06)  4.5061215E-06
          13 (-8.8023683E-07,-4.2923557E-06)  4.3816817E-06
          14 (-3.4678053E-06,3.4384166E-06)  4.8834804E-06
          15 (-1.0878434E-06,1.9570764E-06)  2.2390961E-06
          16 (-4.3130285E-06,-1.8263011E-06)  4.6837581E-06
          17 (1.6369800E-06,4.7250705E-06)  5.0005997E-06
          18 (9.7546467E-07,-6.4788600E-07)  1.1710199E-06
          19 (1.5465866E-07,-1.1746367E-06)  1.1847745E-06
          20 (2.0834527E-06,1.3990009E-06)  2.5095774E-06
  sspmis_a   from the matched field workshop 93              
   800.0000              61           1
          20
      5.00
     10.00
     15.00
     20.00
     25.00
     30.00
     35.00
     40.00
     45.00
     50.00
     55.00
     60.00
     65.00
     70.00
     75.00
     80.00
     85.00
     90.00
     95.00
    100.00
           1 (-6.4605001E-07,-1.0622358E-06)  1.2432721E-06
           2 (1.8125287E-06,1.5852520E-06)  2.4079627E-06
           3 (-2.6716543E-06,-1.8471654E-06)  3.2480389E-06
           4 (4.4043145E-06,3.1199551E-07)  4.4153512E-06
           5 (-4.2046331E-06,2.7561330E-07)  4.2136567E-06
           6 (2.5797856E-06,-4.3021137E-06)  5.0163208E-06
           7 (-1.8939065E-06,2.8890147E-06)  3.4544591E-06
           8 (-1.7669034E-06,-1.9474687E-06)  2.6295593E-06
           9 (6.6966926E-08,-5.9225920E-07)  5.9603315E-07
          10 (-9.0872499E-07,-2.4375033E-06)  2.6013849E-06
          11 (-3.5821761E-06,3.9182714E-06)  5.3089393E-06
          12 (-3.3311164E-06,8.2768889E-07)  3.4324053E-06
          13 (1.3158774E-06,-1.2763530E-06)  1.8331967E-06
          14 (-1.6923206E-06,3.7592861E-06)  4.1226426E-06
          15 (1.3733215E-06,5.2726832E-06)  5.4485963E-06
          16 (1.1745416E-06,-1.7827912E-06)  2.1349222E-06
          17 (6.8126025E-07,3.1021443E-06)  3.1760692E-06
          18 (2.3130383E-06,-1.3493304E-06)  2.6778421E-06
          19 (-6.0268803E-08,-2.3115829E-06)  2.3123685E-06
          20 (-1.8574674E-06,1.0853016E-06)  2.1512938E-06
