 sspmis_a   from the matched field workshop 93              
 c b A m12                              !options
        1000          32          10
  0.800000012      0.500000000       5.00000007E-02
                                         !snap options
           1         100
   250.000000      !frequency
   100.00000000000000        0.00000000       0.00000000       0.00000000      ocean ssp
   0.0000000000000000        1499.5003662109375     
   100.00000000000000        1481.6987304687500     
   100.00000000000000        1.79999995      0.200000003      sediment
   0.0000000000000000        1600.0000000000000     
   100.00000000000000        1750.0000000000000     
   1.79999995      0.200000003       1750.00000      bottom
   0.00000000       0.00000000    

   78.0041504      Source depth

   5.00000000       100.000000              20   0.00000000      receivers 

           1  number of ranges
   9299.62305    

           4
  2  1      0.150E+04      0.150E+04   51
  2  2      0.148E+04      0.148E+04   51
  9  1      0.500E+04      0.100E+05   51
  8  1      0.100E-01       100.       51
