 'SSP Mismatch Case. White noise SNR = 40 dB                  '
    250.0000    
           20
    5.000000    
    10.00000    
    15.00000    
    20.00000    
    25.00000    
    30.00000    
    35.00000    
    40.00000    
    45.00000    
    50.00000    
    55.00000    
    60.00000    
    65.00000    
    70.00000    
    75.00000    
    80.00000    
    85.00000    
    90.00000    
    95.00000    
    100.0000    
  1  1 (  0.3218566,  0.0000000 )
  1  2 ( -0.0650915, -0.0175003 )
  1  3 ( -0.7834826, -0.1067062 )
  1  4 ( -0.9702993, -0.1114475 )
  1  5 ( -0.5534531,  0.0642236 )
  1  6 ( -0.1820142,  0.1471958 )
  1  7 ( -0.1182837, -0.0195051 )
  1  8 ( -0.0132664, -0.2538458 )
  1  9 (  0.2381027, -0.3967118 )
  1 10 (  0.2370660, -0.1990529 )
  1 11 ( -0.1140863,  0.3976382 )
  1 12 ( -0.3860496,  0.6585900 )
  1 13 ( -0.4292251,  0.1998637 )
  1 14 ( -0.4919361, -0.0566205 )
  1 15 ( -0.5224652,  0.2768904 )
  1 16 ( -0.3805885,  0.2802305 )
  1 17 ( -0.3674078, -0.0897806 )
  1 18 ( -0.6170101,  0.1359207 )
  1 19 ( -0.7099648,  0.7482858 )
  1 20 ( -0.4114645,  0.6497756 )
  2  1 ( -0.0650915,  0.0175003 )
  2  2 (  0.0142191,  0.0000000 )
  2  3 (  0.1642980, -0.0210326 )
  2  4 (  0.2023576, -0.0302448 )
  2  5 (  0.1084691, -0.0430992 )
  2  6 (  0.0288108, -0.0396772 )
  2  7 (  0.0249899, -0.0024838 )
  2  8 (  0.0164987,  0.0506275 )
  2  9 ( -0.0265843,  0.0932077 )
  2 10 ( -0.0371341,  0.0531611 )
  2 11 (  0.0014453, -0.0866487 )
  2 12 (  0.0422725, -0.1542263 )
  2 13 (  0.0759643, -0.0637805 )
  2 14 (  0.1026008, -0.0153068 )
  2 15 (  0.0906322, -0.0844328 )
  2 16 (  0.0617509, -0.0773988 )
  2 17 (  0.0792075, -0.0018192 )
  2 18 (  0.1174292, -0.0610652 )
  2 19 (  0.1029155, -0.1899971 )
  2 20 (  0.0478912, -0.1538320 )
  3  1 ( -0.7834826,  0.1067062 )
  3  2 (  0.1642980,  0.0210326 )
  3  3 (  1.9432524,  0.0000000 )
  3  4 (  2.3996508, -0.0504182 )
  3  5 (  1.3263453, -0.3399248 )
  3  6 (  0.3943760, -0.4187656 )
  3  7 (  0.2944882,  0.0082642 )
  3  8 (  0.1165081,  0.6137135 )
  3  9 ( -0.4482058,  1.0449544 )
  3 10 ( -0.5112393,  0.5633047 )
  3 11 (  0.1459268, -1.0060884 )
  3 12 (  0.7216130, -1.7316993 )
  3 13 (  0.9788944, -0.6290285 )
  3 14 (  1.2166384, -0.0252737 )
  3 15 (  1.1803697, -0.8474765 )
  3 16 (  0.8337969, -0.8085813 )
  3 17 (  0.9243844,  0.0967607 )
  3 18 (  1.4573338, -0.5355864 )
  3 19 (  1.4805825, -2.0575328 )
  3 20 (  0.7864133, -1.7186348 )
  4  1 ( -0.9702993,  0.1114475 )
  4  2 (  0.2023576,  0.0302448 )
  4  3 (  2.3996508,  0.0504182 )
  4  4 (  2.9648054,  0.0000000 )
  4  5 (  1.6467527, -0.3853617 )
  4  6 (  0.4978848, -0.5069208 )
  4  7 (  0.3634518,  0.0178491 )
  4  8 (  0.1279509,  0.7608975 )
  4  9 ( -0.5806241,  1.2788072 )
  4 10 ( -0.6459654,  0.6823722 )
  4 11 (  0.2063214, -1.2386682 )
  4 12 (  0.9360626, -2.1197879 )
  4 13 (  1.2251801, -0.7514079 )
  4 14 (  1.5031163,  0.0003448 )
  4 15 (  1.4796543, -1.0159445 )
  4 16 (  1.0506585, -0.9769110 )
  4 17 (  1.1390375,  0.1434712 )
  4 18 (  1.8135979, -0.6235882 )
  4 19 (  1.8818014, -2.5025003 )
  4 20 (  1.0157472, -2.1019750 )
  5  1 ( -0.5534531, -0.0642236 )
  5  2 (  0.1084691,  0.0430992 )
  5  3 (  1.3263453,  0.3399248 )
  5  4 (  1.6467527,  0.3853617 )
  5  5 (  0.9648836,  0.0000000 )
  5  6 (  0.3424482, -0.2168534 )
  5  7 (  0.1995683,  0.0571605 )
  5  8 ( -0.0278325,  0.4392764 )
  5  9 ( -0.4887313,  0.6348479 )
  5 10 ( -0.4474972,  0.2950634 )
  5 11 (  0.2756012, -0.6611966 )
  5 12 (  0.7954835, -1.0557728 )
  5 13 (  0.7781951, -0.2581175 )
  5 14 (  0.8348630,  0.1955667 )
  5 15 (  0.9539375, -0.3719762 )
  5 16 (  0.7105784, -0.4060599 )
  5 17 (  0.6140315,  0.2277512 )
  5 18 (  1.0884244, -0.1106431 )
  5 19 (  1.3705335, -1.1454138 )
  5 20 (  0.8374225, -1.0355265 )
  6  1 ( -0.1820142, -0.1471958 )
  6  2 (  0.0288108,  0.0396772 )
  6  3 (  0.3943760,  0.4187656 )
  6  4 (  0.4978848,  0.5069208 )
  6  5 (  0.3424482,  0.2168534 )
  6  6 (  0.1703875,  0.0000000 )
  6  7 (  0.0579880,  0.0651411 )
  6  8 ( -0.1086143,  0.1496597 )
  6  9 ( -0.3161671,  0.1154820 )
  6 10 ( -0.2251589,  0.0041518 )
  6 11 (  0.2464377, -0.1727330 )
  6 12 (  0.5196552, -0.1959399 )
  6 13 (  0.3342328,  0.0832986 )
  6 14 (  0.2523684,  0.2570715 )
  6 15 (  0.4221967,  0.0823812 )
  6 16 (  0.3434833,  0.0155912 )
  6 17 (  0.1667493,  0.2188549 )
  6 18 (  0.4111952,  0.2053674 )
  6 19 (  0.7439121, -0.0985038 )
  6 20 (  0.5299840, -0.1793268 )
  7  1 ( -0.1182837,  0.0195051 )
  7  2 (  0.0249899,  0.0024838 )
  7  3 (  0.2944882, -0.0082642 )
  7  4 (  0.3634518, -0.0178491 )
  7  5 (  0.1995683, -0.0571605 )
  7  6 (  0.0579880, -0.0651411 )
  7  7 (  0.0447574,  0.0000000 )
  7  8 (  0.0202672,  0.0925101 )
  7  9 ( -0.0634851,  0.1602656 )
  7 10 ( -0.0750855,  0.0875472 )
  7 11 (  0.0178374, -0.1530818 )
  7 12 (  0.1019919, -0.2655145 )
  7 13 (  0.1456727, -0.0994944 )
  7 14 (  0.1842747, -0.0090155 )
  7 15 (  0.1752812, -0.1334575 )
  7 16 (  0.1229251, -0.1260889 )
  7 17 (  0.1405039,  0.0107285 )
  7 18 (  0.2185789, -0.0873707 )
  7 19 (  0.2156308, -0.3181219 )
  7 20 (  0.1118658, -0.2638112 )
  8  1 ( -0.0132664,  0.2538458 )
  8  2 (  0.0164987, -0.0506275 )
  8  3 (  0.1165081, -0.6137135 )
  8  4 (  0.1279509, -0.7608975 )
  8  5 ( -0.0278325, -0.4392764 )
  8  6 ( -0.1086143, -0.1496597 )
  8  7 (  0.0202672, -0.0925101 )
  8  8 (  0.2009010,  0.0000000 )
  8  9 (  0.3031514,  0.2042103 )
  8 10 (  0.1472536,  0.1952360 )
  8 11 ( -0.3090013, -0.1064183 )
  8 12 ( -0.5036535, -0.3317252 )
  8 13 ( -0.1399805, -0.3468761 )
  8 14 (  0.0649600, -0.3857708 )
  8 15 ( -0.1968874, -0.4236111 )
  8 16 ( -0.2053902, -0.3118166 )
  8 17 (  0.0859879, -0.2861502 )
  8 18 ( -0.0817751, -0.4923781 )
  8 19 ( -0.5610624, -0.5909703 )
  8 20 ( -0.4956486, -0.3514080 )
  9  1 (  0.2381027,  0.3967118 )
  9  2 ( -0.0265843, -0.0932077 )
  9  3 ( -0.4482058, -1.0449544 )
  9  4 ( -0.5806241, -1.2788072 )
  9  5 ( -0.4887313, -0.6348479 )
  9  6 ( -0.3161671, -0.1154820 )
  9  7 ( -0.0634851, -0.1602656 )
  9  8 (  0.3031514, -0.2042103 )
  9  9 (  0.6654172,  0.0000000 )
  9 10 (  0.4208457,  0.1449906 )
  9 11 ( -0.5746989,  0.1535812 )
  9 12 ( -1.0976810,  0.0113744 )
  9 13 ( -0.5640525, -0.3813156 )
  9 14 ( -0.2942271, -0.6484257 )
  9 15 ( -0.7279993, -0.4392797 )
  9 16 ( -0.6271501, -0.2618815 )
  9 17 ( -0.1611858, -0.5194234 )
  9 18 ( -0.6241679, -0.6601595 )
  9 19 ( -1.4479706, -0.3216074 )
  9 20 ( -1.1056093, -0.0264766 )
 10  1 (  0.2370660,  0.1990529 )
 10  2 ( -0.0371341, -0.0531611 )
 10  3 ( -0.5112393, -0.5633047 )
 10  4 ( -0.6459654, -0.6823722 )
 10  5 ( -0.4474972, -0.2950634 )
 10  6 ( -0.2251589, -0.0041518 )
 10  7 ( -0.0750855, -0.0875472 )
 10  8 (  0.1472536, -0.1952360 )
 10  9 (  0.4208457, -0.1449906 )
 10 10 (  0.2979109,  0.0000000 )
 10 11 ( -0.3300446,  0.2223948 )
 10 12 ( -0.6918627,  0.2464210 )
 10 13 ( -0.4398941, -0.1182723 )
 10 14 ( -0.3274226, -0.3460398 )
 10 15 ( -0.5562327, -0.1192152 )
 10 16 ( -0.4537704, -0.0289723 )
 10 17 ( -0.2151512, -0.2934255 )
 10 18 ( -0.5386874, -0.2815493 )
 10 19 ( -0.9859989,  0.1121312 )
 10 20 ( -0.7051191,  0.2242009 )
 11  1 ( -0.1140863, -0.3976382 )
 11  2 (  0.0014453,  0.0866487 )
 11  3 (  0.1459268,  1.0060884 )
 11  4 (  0.2063214,  1.2386682 )
 11  5 (  0.2756012,  0.6611966 )
 11  6 (  0.2464377,  0.1727330 )
 11  7 (  0.0178374,  0.1530818 )
 11  8 ( -0.3090013,  0.1064183 )
 11  9 ( -0.5746989, -0.1535812 )
 11 10 ( -0.3300446, -0.2223948 )
 11 11 (  0.5319707,  0.0000000 )
 11 12 (  0.9508000,  0.2435729 )
 11 13 (  0.3991965,  0.4595872 )
 11 14 (  0.1044582,  0.6280369 )
 11 15 (  0.5274411,  0.5475025 )
 11 16 (  0.4812714,  0.3709880 )
 11 17 (  0.0193225,  0.4858802 )
 11 18 (  0.3867564,  0.7143347 )
 11 19 (  1.1765094,  0.6120636 )
 11 20 (  0.9488981,  0.2780974 )
 12  1 ( -0.3860496, -0.6585900 )
 12  2 (  0.0422725,  0.1542263 )
 12  3 (  0.7216130,  1.7316993 )
 12  4 (  0.9360626,  2.1197879 )
 12  5 (  0.7954835,  1.0557728 )
 12  6 (  0.5196552,  0.1959399 )
 12  7 (  0.1019919,  0.2655145 )
 12  8 ( -0.5036535,  0.3317252 )
 12  9 ( -1.0976810, -0.0113744 )
 12 10 ( -0.6918627, -0.2464210 )
 12 11 (  0.9508000, -0.2435729 )
 12 12 (  1.8113148,  0.0000000 )
 12 13 (  0.9240893,  0.6387666 )
 12 14 (  0.4743418,  1.0748491 )
 12 15 (  1.1935898,  0.7372066 )
 12 16 (  1.0302327,  0.4427845 )
 12 17 (  0.2570406,  0.8597202 )
 12 18 (  1.0184962,  1.0998470 )
 12 19 (  2.3834484,  0.5553730 )
 12 20 (  1.8236408,  0.0625934 )
 13  1 ( -0.4292251, -0.1998637 )
 13  2 (  0.0759643,  0.0637805 )
 13  3 (  0.9788944,  0.6290285 )
 13  4 (  1.2251801,  0.7514079 )
 13  5 (  0.7781951,  0.2581175 )
 13  6 (  0.3342328, -0.0832986 )
 13  7 (  0.1456727,  0.0994944 )
 13  8 ( -0.1399805,  0.3468761 )
 13  9 ( -0.5640525,  0.3813156 )
 13 10 ( -0.4398941,  0.1182723 )
 13 11 (  0.3991965, -0.4595872 )
 13 12 (  0.9240893, -0.6387666 )
 13 13 (  0.6968530,  0.0000000 )
 13 14 (  0.6210821,  0.3811216 )
 13 15 (  0.8689674, -0.0448177 )
 13 16 (  0.6817884, -0.1374218 )
 13 17 (  0.4343413,  0.3479828 )
 13 18 (  0.9075273,  0.2019561 )
 13 19 (  1.4119177, -0.5572227 )
 13 20 (  0.9525071, -0.6112174 )
 14  1 ( -0.4919361,  0.0566205 )
 14  2 (  0.1026008,  0.0153068 )
 14  3 (  1.2166384,  0.0252737 )
 14  4 (  1.5031163, -0.0003448 )
 14  5 (  0.8348630, -0.1955667 )
 14  6 (  0.2523684, -0.2570715 )
 14  7 (  0.1842747,  0.0090155 )
 14  8 (  0.0649600,  0.3857708 )
 14  9 ( -0.2942271,  0.6484257 )
 14 10 ( -0.3274226,  0.3460398 )
 14 11 (  0.1044582, -0.6280369 )
 14 12 (  0.4743418, -1.0748491 )
 14 13 (  0.6210821, -0.3811216 )
 14 14 (  0.7621877,  0.0000000 )
 14 15 (  0.7500807, -0.5152590 )
 14 16 (  0.5325724, -0.4954223 )
 14 17 (  0.5775141,  0.0726159 )
 14 18 (  0.9194325, -0.3163756 )
 14 19 (  0.9537782, -1.2689972 )
 14 20 (  0.5147409, -1.0658321 )
 15  1 ( -0.5224652, -0.2768904 )
 15  2 (  0.0906322,  0.0844328 )
 15  3 (  1.1803697,  0.8474765 )
 15  4 (  1.4796543,  1.0159445 )
 15  5 (  0.9539375,  0.3719762 )
 15  6 (  0.4221967, -0.0823812 )
 15  7 (  0.1752812,  0.1334575 )
 15  8 ( -0.1968874,  0.4236111 )
 15  9 ( -0.7279993,  0.4392797 )
 15 10 ( -0.5562327,  0.1192152 )
 15 11 (  0.5274411, -0.5475025 )
 15 12 (  1.1935898, -0.7372066 )
 15 13 (  0.8689674,  0.0448177 )
 15 14 (  0.7500807,  0.5152590 )
 15 15 (  1.0867392,  0.0000000 )
 15 16 (  0.8591480, -0.1275342 )
 15 17 (  0.5193226,  0.4619394 )
 15 18 (  1.1188462,  0.3102498 )
 15 19 (  1.7967422, -0.6041225 )
 15 20 (  1.2272604, -0.7010140 )
 16  1 ( -0.3805885, -0.2802305 )
 16  2 (  0.0617509,  0.0773988 )
 16  3 (  0.8337969,  0.8085813 )
 16  4 (  1.0506585,  0.9769110 )
 16  5 (  0.7105784,  0.4060599 )
 16  6 (  0.3434833, -0.0155912 )
 16  7 (  0.1229251,  0.1260889 )
 16  8 ( -0.2053902,  0.3118166 )
 16  9 ( -0.6271501,  0.2618815 )
 16 10 ( -0.4537704,  0.0289723 )
 16 11 (  0.4812714, -0.3709880 )
 16 12 (  1.0302327, -0.4427845 )
 16 13 (  0.6817884,  0.1374218 )
 16 14 (  0.5325724,  0.4954223 )
 16 15 (  0.8591480,  0.1275342 )
 16 16 (  0.6943538,  0.0000000 )
 16 17 (  0.3563868,  0.4261707 )
 16 18 (  0.8481981,  0.3765998 )
 16 19 (  1.4914943, -0.2667841 )
 16 20 (  1.0525970, -0.4102292 )
 17  1 ( -0.3674078,  0.0897806 )
 17  2 (  0.0792075,  0.0018192 )
 17  3 (  0.9243844, -0.0967607 )
 17  4 (  1.1390375, -0.1434712 )
 17  5 (  0.6140315, -0.2277512 )
 17  6 (  0.1667493, -0.2188549 )
 17  7 (  0.1405039, -0.0107285 )
 17  8 (  0.0859879,  0.2861502 )
 17  9 ( -0.1611858,  0.5194234 )
 17 10 ( -0.2151512,  0.2934255 )
 17 11 (  0.0193225, -0.4858802 )
 17 12 (  0.2570406, -0.8597202 )
 17 13 (  0.4343413, -0.3479828 )
 17 14 (  0.5775141, -0.0726159 )
 17 15 (  0.5193226, -0.4619394 )
 17 16 (  0.3563868, -0.4261707 )
 17 17 (  0.4446608,  0.0000000 )
 17 18 (  0.6665984, -0.3273585 )
 17 19 (  0.6018748, -1.0525272 )
 17 20 (  0.2885239, -0.8567405 )
 18  1 ( -0.6170101, -0.1359207 )
 18  2 (  0.1174292,  0.0610652 )
 18  3 (  1.4573338,  0.5355864 )
 18  4 (  1.8135979,  0.6235882 )
 18  5 (  1.0884244,  0.1106431 )
 18  6 (  0.4111952, -0.2053674 )
 18  7 (  0.2185789,  0.0873707 )
 18  8 ( -0.0817751,  0.4923781 )
 18  9 ( -0.6241679,  0.6601595 )
 18 10 ( -0.5386874,  0.2815493 )
 18 11 (  0.3867564, -0.7143347 )
 18 12 (  1.0184962, -1.0998470 )
 18 13 (  0.9075273, -0.2019561 )
 18 14 (  0.9194325,  0.3163756 )
 18 15 (  1.1188462, -0.3102498 )
 18 16 (  0.8481981, -0.3765998 )
 18 17 (  0.6665984,  0.3273585 )
 18 18 (  1.2406992,  0.0000000 )
 18 19 (  1.6775252, -1.1350256 )
 18 20 (  1.0634962, -1.0721978 )
 19  1 ( -0.7099648, -0.7482858 )
 19  2 (  0.1029155,  0.1899971 )
 19  3 (  1.4805825,  2.0575328 )
 19  4 (  1.8818014,  2.5025003 )
 19  5 (  1.3705335,  1.1454138 )
 19  6 (  0.7439121,  0.0985038 )
 19  7 (  0.2156308,  0.3181219 )
 19  8 ( -0.5610624,  0.5909703 )
 19  9 ( -1.4479706,  0.3216074 )
 19 10 ( -0.9859989, -0.1121312 )
 19 11 (  1.1765094, -0.6120636 )
 19 12 (  2.3834484, -0.5553730 )
 19 13 (  1.4119177,  0.5572227 )
 19 14 (  0.9537782,  1.2689972 )
 19 15 (  1.7967422,  0.6041225 )
 19 16 (  1.4914943,  0.2667841 )
 19 17 (  0.6018748,  1.0525272 )
 19 18 (  1.6775252,  1.1350256 )
 19 19 (  3.3068817,  0.0000000 )
 19 20 (  2.4190021, -0.4768218 )
 20  1 ( -0.4114645, -0.6497756 )
 20  2 (  0.0478912,  0.1538320 )
 20  3 (  0.7864133,  1.7186348 )
 20  4 (  1.0157472,  2.1019750 )
 20  5 (  0.8374225,  1.0355265 )
 20  6 (  0.5299840,  0.1793268 )
 20  7 (  0.1118658,  0.2638112 )
 20  8 ( -0.4956486,  0.3514080 )
 20  9 ( -1.1056093,  0.0264766 )
 20 10 ( -0.7051191, -0.2242009 )
 20 11 (  0.9488981, -0.2780974 )
 20 12 (  1.8236408, -0.0625934 )
 20 13 (  0.9525071,  0.6112174 )
 20 14 (  0.5147409,  1.0658321 )
 20 15 (  1.2272604,  0.7010140 )
 20 16 (  1.0525970,  0.4102292 )
 20 17 (  0.2885239,  0.8567405 )
 20 18 (  1.0634962,  1.0721978 )
 20 19 (  2.4190021,  0.4768218 )
 20 20 (  1.8384104,  0.0000000 )
