  1575.490    1.8831979E-06
  1574.034    1.7610256E-06
  1572.578    2.1353401E-06
  1571.121    2.1025933E-06
  1569.665    2.1530223E-06
  1568.209    1.9673921E-06
  1566.752    1.8248454E-06
  1565.296    1.6522358E-06
  1563.731    1.6647622E-06
  1562.138    1.8709903E-06
  1560.545    2.1649860E-06
  1558.952    2.0711916E-06
  1557.359    1.8991097E-06
  1555.766    1.7255824E-06
  1554.173    2.1041183E-06
  1552.580    2.2831475E-06
  1550.988    2.0506966E-06
  1549.395    1.9792258E-06
  1547.802    2.0789405E-06
  1546.209    2.1199455E-06
  1544.616    2.1806084E-06
  1543.023    2.4362939E-06
  1541.430    2.2733757E-06
  1539.837    2.2094705E-06
  1538.245    1.9471652E-06
  1536.652    1.9478655E-06
  1535.059    2.2676893E-06
  1533.466    2.5168763E-06
  1531.873    2.3795585E-06
  1530.280    2.4884528E-06
  1528.800    2.6702935E-06
  1527.343    2.6734240E-06
  1525.887    2.7590531E-06
  1524.431    2.7394478E-06
  1522.974    2.8873978E-06
  1521.518    2.5523839E-06
  1520.062    2.4065332E-06
  1518.605    2.7273054E-06
  1517.149    2.6372759E-06
  1515.693    2.6385553E-06
  1514.236    2.4830917E-06
  1512.780    2.4468090E-06
  1511.323    2.3821578E-06
  1509.867    2.3871542E-06
  1508.411    2.3101527E-06
  1506.954    2.1285950E-06
  1505.498    2.0548166E-06
  1504.042    1.7032637E-06
  1502.585    1.7142787E-06
  1501.129    2.2558620E-06
  1499.673    2.0950665E-06
  1498.216    2.0818457E-06
  1496.489    2.0158047E-06
  1494.714    2.2549984E-06
  1492.939    2.3015439E-06
  1491.164    2.3551506E-06
  1489.389    2.3169860E-06
  1487.614    2.2874347E-06
  1485.839    2.3317739E-06
  1484.064    2.1758151E-06
  1482.289    2.3084194E-06
  1480.514    2.4210387E-06
  1478.739    2.4497324E-06
  1476.964    2.3279053E-06
  1475.189    2.2532784E-06
  1473.414    2.3668904E-06
  1471.640    2.3093482E-06
  1469.865    1.8576732E-06
  1468.090    1.7492598E-06
  1466.315    1.9009898E-06
  1464.540    1.8648796E-06
  1462.765    1.9861825E-06
  1460.990    2.0492062E-06
  1459.215    2.2173908E-06
  1457.560    2.2966433E-06
  1455.922    2.0487632E-06
  1454.283    2.2740253E-06
  1452.645    2.2929992E-06
  1451.006    2.2127588E-06
  1449.368    2.4126750E-06
  1447.730    2.0601037E-06
  1446.091    1.8127805E-06
  1444.453    1.9082036E-06
  1442.814    2.1934220E-06
  1441.176    2.2656120E-06
  1439.538    2.0673697E-06
  1437.899    1.9357108E-06
  1436.261    1.8871928E-06
  1434.622    1.7705801E-06
  1432.984    1.6863055E-06
  1431.346    1.7480795E-06
  1429.707    1.8363633E-06
  1428.069    2.1220671E-06
  1426.430    2.4992655E-06
  1424.792    2.4019648E-06
  1423.154    2.9001417E-06
  1421.474    2.8546872E-06
  1419.790    2.7732146E-06
  1418.106    2.4101055E-06
  1416.422    2.3061584E-06
  1414.738    1.9667004E-06
  1413.054    2.1575941E-06
  1411.371    2.2598788E-06
  1409.687    2.1929161E-06
  1408.003    2.3627053E-06
  1406.319    2.6230184E-06
  1404.635    2.5121117E-06
  1402.951    2.3344426E-06
  1401.267    2.2095135E-06
  1399.583    1.9980810E-06
  1397.899    2.1087305E-06
  1396.215    2.4774224E-06
  1394.531    2.4686437E-06
  1392.848    2.5003142E-06
  1391.164    2.2732047E-06
  1389.480    2.5632194E-06
  1387.796    2.7414619E-06
  1386.112    2.5222942E-06
  1384.385    2.4558260E-06
  1382.656    2.2023708E-06
  1380.927    2.1098786E-06
  1379.197    2.3996840E-06
  1377.468    2.4470794E-06
  1375.738    2.5541015E-06
  1374.009    2.3872126E-06
  1372.280    2.1625951E-06
  1370.550    2.0898558E-06
  1368.821    2.1263563E-06
  1367.091    2.3398247E-06
  1365.362    2.0962921E-06
  1363.632    2.3886766E-06
  1361.903    2.6071668E-06
  1360.174    2.8598770E-06
  1358.444    3.2853886E-06
  1356.715    3.0376075E-06
  1354.985    2.3735734E-06
  1353.256    2.4009362E-06
  1351.526    2.4837925E-06
  1349.797    2.2973877E-06
  1348.068    2.5265538E-06
  1346.294    2.6336058E-06
  1344.519    2.7809037E-06
  1342.745    2.7170174E-06
  1340.970    3.0019560E-06
  1339.195    3.0159777E-06
  1337.420    2.8299621E-06
  1335.645    2.7126873E-06
  1333.870    2.8648947E-06
  1332.095    2.5862212E-06
  1330.320    2.8157924E-06
  1328.545    2.8753022E-06
  1326.770    2.8979496E-06
  1324.995    2.7033363E-06
  1323.220    2.8563470E-06
  1321.445    2.5817137E-06
  1319.670    2.5971544E-06
  1317.896    2.8737027E-06
  1316.121    2.9880671E-06
  1314.346    2.6188300E-06
  1312.571    2.6512773E-06
  1310.796    2.6984644E-06
  1309.021    2.8189452E-06
  1307.336    2.7503302E-06
  1305.652    2.6185983E-06
  1303.968    2.4846331E-06
  1302.284    2.3873104E-06
  1300.600    2.5762558E-06
  1298.916    2.7161948E-06
  1297.232    2.4266417E-06
  1295.549    2.4658566E-06
  1293.865    2.6043037E-06
  1292.181    2.6921546E-06
  1290.497    2.9369680E-06
  1288.813    2.9829685E-06
  1287.129    2.9409721E-06
  1285.445    3.1577604E-06
  1283.761    3.1523157E-06
  1282.077    3.0529025E-06
  1280.393    3.1688428E-06
  1278.709    3.1202649E-06
  1277.026    3.7968621E-06
  1275.342    3.9728120E-06
  1273.658    3.1448276E-06
  1271.976    2.9181074E-06
  1270.428    2.8309648E-06
  1268.881    2.6574889E-06
  1267.334    2.7024230E-06
  1265.786    2.6669950E-06
  1264.239    2.6179805E-06
  1262.692    2.6266225E-06
  1261.144    2.6141020E-06
  1259.597    2.5302420E-06
  1258.049    2.6793030E-06
  1256.502    2.7371698E-06
  1254.955    3.1899701E-06
  1253.407    3.4809320E-06
  1251.860    3.1339330E-06
  1250.313    2.9589232E-06
  1248.765    3.1029215E-06
  1247.218    2.7811564E-06
  1245.670    2.8858788E-06
  1244.123    2.7751746E-06
  1242.576    3.0038814E-06
  1241.028    2.7821543E-06
  1239.481    2.7640410E-06
  1237.926    3.2577877E-06
  1236.196    2.7435356E-06
  1234.467    2.2117613E-06
  1232.737    2.7550361E-06
  1231.008    2.6011203E-06
  1229.279    2.9804758E-06
  1227.549    2.9389639E-06
  1225.820    2.9491830E-06
  1224.090    2.8946163E-06
  1222.361    3.4486902E-06
  1220.632    3.4109846E-06
  1218.902    3.2166333E-06
  1217.173    3.2356934E-06
  1215.443    3.2912737E-06
  1213.714    2.8785228E-06
  1211.984    2.6497821E-06
  1210.255    3.0683570E-06
  1208.526    3.0265894E-06
  1206.796    2.9675696E-06
  1205.067    3.2084581E-06
  1203.337    3.0569652E-06
  1201.608    3.3346523E-06
  1199.875    3.5918033E-06
  1198.100    3.6572499E-06
  1196.325    3.6906533E-06
  1194.550    3.9341348E-06
  1192.776    3.9647471E-06
  1191.001    3.7690249E-06
  1189.226    3.4155294E-06
  1187.451    3.3203801E-06
  1185.676    2.8000266E-06
  1183.901    2.4901976E-06
  1182.126    3.4058407E-06
  1180.351    4.1034755E-06
  1178.576    3.3389035E-06
  1176.801    3.7880186E-06
  1175.026    3.4934058E-06
  1173.251    2.7670105E-06
  1171.476    2.6127977E-06
  1169.701    2.6476907E-06
  1167.927    2.2088591E-06
  1166.151    1.8924399E-06
  1164.377    2.6431167E-06
  1162.602    2.8915288E-06
  1160.831    3.0957945E-06
  1159.102    3.2732760E-06
  1157.372    3.2968655E-06
  1155.643    3.3101931E-06
  1153.914    3.6189670E-06
  1152.184    2.9453947E-06
  1150.455    3.3517472E-06
  1148.725    3.6653389E-06
  1146.996    3.0720864E-06
  1145.266    2.9626319E-06
  1143.537    3.0330018E-06
  1141.807    2.3109455E-06
  1140.078    2.6228838E-06
  1138.349    2.5651207E-06
  1136.619    2.5563636E-06
  1134.890    2.1494395E-06
  1133.160    2.0414591E-06
  1131.431    2.1892854E-06
  1129.702    2.0214331E-06
  1127.972    2.1049057E-06
  1126.243    2.3709240E-06
  1124.513    2.6598875E-06
  1122.772    2.5260204E-06
  1120.952    2.5027973E-06
  1119.132    2.2791698E-06
  1117.311    2.2341824E-06
  1115.491    2.5966301E-06
  1113.670    3.0622311E-06
  1111.850    3.4821667E-06
  1110.029    3.1719135E-06
  1108.209    2.9782002E-06
  1106.389    3.3877866E-06
  1104.568    3.1839827E-06
  1102.748    2.5680506E-06
  1100.927    2.5990635E-06
  1099.107    3.4927164E-06
  1097.286    2.7086717E-06
  1095.466    2.3768175E-06
  1093.645    2.5510167E-06
  1091.825    2.3042512E-06
  1090.005    2.3159616E-06
  1088.184    3.1214158E-06
  1086.364    2.8134989E-06
  1084.543    2.3815787E-06
  1082.757    2.4522712E-06
  1081.164    2.5885279E-06
  1079.572    2.3810876E-06
  1077.979    1.6124794E-06
  1076.386    1.1376195E-06
  1074.793    1.1948619E-06
  1073.200    1.1799502E-06
  1071.607    1.5850686E-06
  1070.014    1.6158288E-06
  1068.421    1.7402981E-06
  1066.828    1.2521490E-06
  1065.236    2.0243933E-06
  1063.643    2.0521313E-06
  1062.050    2.6469124E-06
  1060.457    2.6922444E-06
  1058.864    2.3781279E-06
  1057.271    2.3639632E-06
  1055.678    2.0733607E-06
  1054.085    2.5364764E-06
  1052.493    2.5537295E-06
  1050.900    2.5375573E-06
  1049.307    2.2710865E-06
  1047.714    2.1823082E-06
  1046.121    2.1777169E-06
  1044.528    2.3683497E-06
  1042.935    2.5021332E-06
  1041.342    2.4962326E-06
  1039.749    2.4093590E-06
  1038.157    2.6187583E-06
  1036.564    2.5565005E-06
  1034.971    2.5038644E-06
  1033.378    2.7763415E-06
  1031.785    2.5648760E-06
  1030.192    2.1072249E-06
  1028.599    2.1250485E-06
  1027.006    2.0175239E-06
  1025.413    2.6377802E-06
  1023.820    1.9679997E-06
  1022.228    2.1401090E-06
  1020.635    2.1515275E-06
  1019.042    2.2071745E-06
  1017.449    2.0862017E-06
  1015.856    1.9395618E-06
  1014.263    2.1982303E-06
  1012.651    2.2465231E-06
  1010.968    1.8584832E-06
  1009.284    1.9459844E-06
  1007.600    1.4818003E-06
  1005.916    1.6133583E-06
  1004.232    1.3546742E-06
  1002.548    1.7880856E-06
  1000.864    1.7571515E-06
  999.1802    2.2157465E-06
  997.4962    2.3784219E-06
  995.8124    2.1664682E-06
  994.1285    1.9019135E-06
  992.4445    2.4998883E-06
  990.7606    2.5007923E-06
  989.0766    2.3000880E-06
  987.3929    2.4300020E-06
  985.7089    3.0198007E-06
  984.0250    2.7375875E-06
  982.3411    3.1295392E-06
  980.6571    4.1000840E-06
  978.9731    4.2291208E-06
  977.2894    5.1420398E-06
  975.5307    5.6850736E-06
  973.5282    5.2130349E-06
  971.5257    4.8011902E-06
  969.5232    4.7919843E-06
  967.5209    4.6824362E-06
  965.5183    4.7051303E-06
  963.5158    4.8199372E-06
  961.5133    4.7496510E-06
  959.5107    4.0832992E-06
  957.5085    3.8781504E-06
  955.5059    4.0027230E-06
  953.5034    4.4417757E-06
  951.5009    4.3129958E-06
  949.4983    3.5277526E-06
  947.4960    3.9364527E-06
  945.4935    3.4392210E-06
  943.4910    4.0336668E-06
  941.4884    4.4908265E-06
  939.4859    4.1959661E-06
  937.4834    3.3824967E-06
  935.4810    3.7538098E-06
  933.4785    5.0943427E-06
  931.5950    4.7841550E-06
  930.0477    4.6124283E-06
  928.5002    4.7884059E-06
  926.9530    5.1294164E-06
  925.4056    5.5774622E-06
  923.8582    5.7914567E-06
  922.3108    5.1491993E-06
  920.7634    4.8416423E-06
  919.2162    4.8809688E-06
  917.6687    4.7430644E-06
  916.1213    4.8128350E-06
  914.5739    5.7135026E-06
  913.0265    5.5037094E-06
  911.4791    5.6424301E-06
  909.9318    5.4781358E-06
  908.3844    5.9090680E-06
  906.8370    6.8175150E-06
  905.2896    7.1291379E-06
  903.7422    8.1448716E-06
  902.1949    7.2104390E-06
  900.6475    6.4669480E-06
  899.1002    6.5823683E-06
  897.4738    6.2731260E-06
  895.6533    5.1272241E-06
  893.8331    5.2400765E-06
  892.0125    5.7993848E-06
  890.1921    5.9859613E-06
  888.3716    5.5085452E-06
  886.5511    4.7651429E-06
  884.7308    4.4054068E-06
  882.9103    4.2719589E-06
  881.0898    4.9981295E-06
  879.2694    5.3244607E-06
  877.4489    5.7102957E-06
  875.6284    5.7349753E-06
  873.8081    6.1906253E-06
  871.9876    7.3497854E-06
  870.1672    7.9878009E-06
  868.3467    7.6170754E-06
  866.5262    7.3202023E-06
  864.7059    7.4975001E-06
  862.8854    7.4633263E-06
  861.0649    7.1089275E-06
  859.2445    6.3690645E-06
  857.5248    5.4371167E-06
  856.0231    5.4295488E-06
  854.5211    6.1662145E-06
  853.0193    6.5497065E-06
  851.5174    5.8972560E-06
  850.0154    5.7117950E-06
  848.5136    6.4595902E-06
  847.0118    7.4214249E-06
  845.5099    7.1419377E-06
  844.0081    6.2652025E-06
  842.5062    5.9776407E-06
  841.0043    6.0515663E-06
  839.5025    6.3148318E-06
  838.0006    6.4353553E-06
  836.4987    6.1782252E-06
  834.9968    6.4407463E-06
  833.4949    6.0950629E-06
  831.9932    6.2249924E-06
  830.4913    5.2549676E-06
  828.9894    4.9107221E-06
  827.4875    4.6812665E-06
  825.9856    4.6081650E-06
  824.4369    4.9447790E-06
  822.7985    4.9607488E-06
  821.1600    4.4671997E-06
  819.5216    4.8830238E-06
  817.8832    4.7509661E-06
  816.2448    5.3446306E-06
  814.6065    6.4854935E-06
  812.9681    5.5526516E-06
  811.3297    4.8194938E-06
  809.6912    5.1954703E-06
  808.0529    6.3191460E-06
  806.4146    6.5623694E-06
  804.7761    7.2928497E-06
  803.1376    7.0838510E-06
  801.4992    6.2577151E-06
  799.8608    5.3273634E-06
  798.2225    6.1610185E-06
  796.5841    7.5484090E-06
  794.9456    6.7642659E-06
  793.3073    6.9172102E-06
  791.6688    5.3846579E-06
  790.0305    3.7350505E-06
  788.3752    2.5795621E-06
  786.6913    2.9365710E-06
  785.0073    4.3537989E-06
  783.3234    4.4162548E-06
  781.6395    4.5297375E-06
  779.9556    5.2060718E-06
  778.2717    5.3349759E-06
  776.5878    4.9799428E-06
  774.9039    5.1553466E-06
  773.2200    5.7201673E-06
  771.5361    6.7458709E-06
  769.8522    6.7200390E-06
  768.1683    7.1227305E-06
  766.4843    6.7260576E-06
  764.8004    6.6585540E-06
  763.1166    6.2057602E-06
  761.4327    5.5208957E-06
  759.7487    7.1388681E-06
  758.0648    8.1766084E-06
  756.3809    8.2823635E-06
  754.6968    9.0535405E-06
  753.0131    8.8406177E-06
  751.3292    8.7261060E-06
  749.6451    8.9289360E-06
  747.9612    8.2474617E-06
  746.2773    8.9404693E-06
  744.5935    8.4297944E-06
  742.9096    8.3566956E-06
  741.2256    8.9353571E-06
  739.5417    8.8756924E-06
  737.8578    7.2621342E-06
  736.1740    7.0542610E-06
  734.4901    7.2796456E-06
  732.8061    8.0443378E-06
  731.1222    9.1113579E-06
  729.4382    7.2960725E-06
  727.7545    7.1326831E-06
  726.0705    8.1354056E-06
  724.3865    6.7772321E-06
  722.7026    6.6930443E-06
  721.0187    6.8904105E-06
  719.3347    4.9551677E-06
  717.6509    4.5435522E-06
  715.9670    5.6266863E-06
  714.3412    5.2697796E-06
  712.7938    3.8107698E-06
  711.2464    5.9787130E-06
  709.6991    7.1060799E-06
  708.1518    4.6447308E-06
  706.6044    5.1240122E-06
  705.0569    5.1728866E-06
  703.5095    4.9198761E-06
  701.9623    4.9657483E-06
  700.4149    4.4818194E-06
  698.8674    5.3322501E-06
  697.3200    4.8814181E-06
  695.7726    3.8951298E-06
  694.2252    3.9310880E-06
  692.6780    3.6781987E-06
  691.1306    2.5263396E-06
  689.5832    4.6847413E-06
  688.0357    5.3334834E-06
  686.4883    4.9898654E-06
  684.9411    5.9883105E-06
  683.3937    5.0455628E-06
  681.8463    4.4780068E-06
  680.2783    3.1308052E-06
  678.6854    2.9769194E-06
  677.0926    3.3289064E-06
  675.4996    2.6047956E-06
  673.9067    2.2767526E-06
  672.3138    2.5362569E-06
  670.7209    3.0202780E-06
  669.1281    2.9454691E-06
  667.5352    3.6141994E-06
  665.9423    3.9833294E-06
  664.3494    3.5555713E-06
  662.7565    4.2609636E-06
  661.1636    4.3192631E-06
  659.5707    5.1176194E-06
  657.9778    5.7394836E-06
  656.3849    5.8171436E-06
  654.7920    4.6496170E-06
  653.1991    4.5927191E-06
  651.6063    5.6769181E-06
  650.0134    7.1925638E-06
  648.4205    8.7037288E-06
  646.8276    8.9941686E-06
  645.2565    8.2825782E-06
  643.7092    5.6094023E-06
  642.1619    3.7076229E-06
  640.6144    2.6189402E-06
  639.0670    4.0669847E-06
  637.5197    5.8617261E-06
  635.9724    5.2727037E-06
  634.4250    6.6601319E-06
  632.8776    4.5108955E-06
  631.3302    2.4523765E-06
  629.7828    1.7382703E-06
  628.2354    2.0872565E-06
  626.6881    2.3790492E-06
  625.1407    3.9063466E-06
  623.5933    3.2700368E-06
  622.0459    2.2790819E-06
  620.4985    3.9214883E-06
  618.9512    3.5163516E-06
  617.4038    3.8755838E-06
  615.8564    4.0998143E-06
  614.3090    3.6683405E-06
  612.7616    2.7408794E-06
  611.2374    1.7953629E-06
  609.7355    3.0548638E-06
  608.2336    3.5806638E-06
  606.7318    3.5124224E-06
  605.2299    4.8786355E-06
  603.7280    5.3922527E-06
  602.2262    4.3478112E-06
  600.7244    4.2730167E-06
  599.2225    3.4939030E-06
  597.7205    2.4310693E-06
  596.2187    2.9191383E-06
  594.7169    4.3980131E-06
  593.2150    4.2250144E-06
  591.7131    4.8605898E-06
  590.2112    5.0603503E-06
  588.7094    3.3417602E-06
  587.2076    4.4033609E-06
  585.7057    4.5383035E-06
  584.2038    5.3755443E-06
  582.7018    5.4365955E-06
  581.2000    6.5040676E-06
  579.6982    5.9027620E-06
  578.1964    5.4358970E-06
  576.6945    7.5300336E-06
  575.1926    1.0612647E-05
  573.6907    1.1451696E-05
  572.1888    1.2776474E-05
  570.6870    1.2104283E-05
  569.1852    1.0693056E-05
  567.6833    9.4229699E-06
  566.1813    1.1895370E-05
  564.6795    1.2874669E-05
  563.1777    1.4086107E-05
  561.6758    1.3366549E-05
  560.1740    1.2981486E-05
  558.6720    1.4149454E-05
  557.1702    1.3772970E-05
  555.6684    1.3923975E-05
  554.1665    1.3446834E-05
  552.6646    1.3058223E-05
  551.1627    1.3138226E-05
  549.6608    1.2347555E-05
  548.1589    1.6295384E-05
  546.6571    1.4391887E-05
  545.1552    1.6511651E-05
  543.6534    1.8367193E-05
  542.1515    1.6659886E-05
  540.6496    1.8916811E-05
  539.1478    1.6932867E-05
  537.6460    1.5426407E-05
  536.1440    1.8248931E-05
  534.6422    1.8338053E-05
  533.1403    1.6295719E-05
  531.6385    1.5952503E-05
  530.1367    1.9738372E-05
  528.6347    1.8904640E-05
  527.1329    1.7379190E-05
  525.6309    1.6982824E-05
  524.1292    1.8729032E-05
  522.6273    1.8024675E-05
  521.1254    1.4385953E-05
  519.6235    1.5411744E-05
  518.1216    1.3380391E-05
  516.6198    1.3956782E-05
  515.1180    1.5401954E-05
  513.6160    1.7162300E-05
  512.1142    1.8433784E-05
  510.6123    1.9218403E-05
  509.1104    1.8406812E-05
  507.6086    2.0349031E-05
  506.1068    2.1549358E-05
  504.6049    2.0318615E-05
  503.1030    2.1674250E-05
  501.6011    2.5086714E-05
  500.0993    2.1085914E-05
  498.5974    2.2654680E-05
  497.0955    2.3059754E-05
  495.5936    2.2182832E-05
  494.0917    2.3679590E-05
  492.5900    2.1186333E-05
  491.0881    2.2966437E-05
  489.5862    2.8385881E-05
  488.0843    3.0237867E-05
  486.5824    3.2270083E-05
  485.0805    3.1581276E-05
  483.5788    3.1051884E-05
  482.0769    3.4075139E-05
  480.5750    3.2417203E-05
  479.1854    3.1653264E-05
  477.8656    3.3600278E-05
  476.5459    3.1599589E-05
  475.2260    3.2280917E-05
  473.9062    3.0981300E-05
  472.5863    3.1074480E-05
  471.2665    2.6175119E-05
  469.9468    2.8304865E-05
  468.6270    2.8043291E-05
  467.3071    2.4431238E-05
  465.9872    2.7398642E-05
  464.6674    2.5389285E-05
  463.3476    2.2258979E-05
  462.0278    2.2570342E-05
  460.7080    2.1406631E-05
  459.3881    2.5340276E-05
  458.0683    2.7014406E-05
  456.7484    3.0092280E-05
  455.4287    3.3001819E-05
  454.1089    2.8965771E-05
  452.7890    2.8742073E-05
  451.4692    2.7911428E-05
  450.0027    2.7835391E-05
  448.4554    2.6474196E-05
  446.9080    2.9268856E-05
  445.3606    3.2630724E-05
  443.8132    3.4839981E-05
  442.2658    3.4320765E-05
  440.7185    3.5294950E-05
  439.1711    3.0106281E-05
  437.6237    3.1052394E-05
  436.0763    2.8200684E-05
  434.5289    3.1546460E-05
  432.9815    2.6820475E-05
  431.4342    2.5177140E-05
  429.8868    2.2811346E-05
  428.3394    1.9179395E-05
  426.7920    1.9874811E-05
  425.2446    2.6595062E-05
  423.6973    2.5620539E-05
  422.1500    2.4762467E-05
  420.6025    2.5674737E-05
  419.0551    2.6892594E-05
  417.5078    3.0700216E-05
  416.0216    3.0772902E-05
  414.5652    2.7673328E-05
  413.1089    3.0069667E-05
  411.6525    3.2960801E-05
  410.1961    3.0617917E-05
  408.7397    2.9449773E-05
  407.2835    2.2699527E-05
  405.8271    2.4397583E-05
  404.3707    1.9087014E-05
  402.9143    2.3277347E-05
  401.4579    2.3320263E-05
  400.0017    2.2163744E-05
  398.5453    1.9603067E-05
  397.0889    2.2224207E-05
  395.6326    2.4271325E-05
  394.1762    2.2466118E-05
  392.7199    2.1378646E-05
  391.2635    1.5385684E-05
  389.8072    1.1987743E-05
  388.3508    1.3570672E-05
  386.8944    1.3262475E-05
  385.4382    1.4668208E-05
  383.9500    1.0060347E-05
  382.4481    7.2789371E-06
  380.9461    5.6056019E-06
  379.4443    8.8930628E-06
  377.9424    1.4907085E-05
  376.4406    1.2690649E-05
  374.9388    1.0795463E-05
  373.4369    9.8628625E-06
  371.9350    1.2051047E-05
  370.4330    1.4336740E-05
  368.9313    1.3727607E-05
  367.4294    1.7744942E-05
  365.9275    1.1402509E-05
  364.4256    8.1329226E-06
  362.9237    8.5920719E-06
  361.4220    9.5933137E-06
  359.9201    1.1572613E-05
  358.4182    1.0170597E-05
  356.9163    6.9915377E-06
  355.4144    4.4451945E-06
  353.9127    9.3216295E-06
  352.4108    1.4543525E-05
  350.8758    1.1163440E-05
  349.3284    7.4340337E-06
  347.7810    7.5262751E-06
  346.2336    7.7604545E-06
  344.6863    5.4690045E-06
  343.1389    6.3108532E-06
  341.5915    2.0574924E-05
  340.0441    1.6652795E-05
  338.4967    1.3413541E-05
  336.9495    1.7871829E-05
  335.4020    1.7505667E-05
  333.8546    1.7115855E-05
  332.3073    2.0145733E-05
  330.7598    3.3237669E-05
  329.2126    4.1010520E-05
  327.6652    3.8880207E-05
  326.1178    3.0471841E-05
  324.5703    3.6813024E-05
  323.0229    3.5935092E-05
  321.4755    2.7680757E-05
  319.9283    2.2193299E-05
  318.3809    2.1862807E-05
  316.9707    3.0619642E-05
  315.6053    2.4831326E-05
  314.2400    1.5537444E-05
  312.8748    2.3146638E-05
  311.5094    2.8998906E-05
  310.1440    3.5036799E-05
  308.7787    4.2657841E-05
  307.4133    5.1023919E-05
  306.0481    3.9855404E-05
  304.6827    4.7143578E-05
  303.3174    4.4694527E-05
  301.9520    2.7384769E-05
  300.5867    2.7818964E-05
  299.2214    2.5765872E-05
  297.8561    2.2313878E-05
  296.4907    1.7205173E-05
  295.1254    3.1384629E-05
  293.7600    4.2770251E-05
  292.3947    5.7479490E-05
  291.0294    5.1854266E-05
  289.6641    5.2973977E-05
  288.2987    4.8930920E-05
  286.9333    5.2762909E-05
  285.5680    7.0698879E-05
  284.2028    6.1249077E-05
  282.8374    6.2413455E-05
  281.4720    6.2882908E-05
  280.1067    5.9858437E-05
  278.7413    5.6081102E-05
  277.3761    5.5169679E-05
  276.0108    5.8867903E-05
  274.6454    4.9805039E-05
  273.2800    4.5432691E-05
  271.9147    3.1290485E-05
