 Australia 2003: multiple frequencies of 11:52:51 sound Nfft: 512 ovlap   0.75 inversion constructed: 05-Aug-2004 16:57:48
 104.000000     0.000 dB
 4
 7.315200
 12.801600
 15.151100
 21.031200
         1         1 (5.010241E+06,3.125794E-11) 
         1         2 (4.870397E+06,-7.498176E+05) 
         1         3 (4.062939E+06,-5.067248E+05) 
         1         4 (2.301957E+06,1.771873E+06) 
         2         1 (4.870397E+06,7.498176E+05) 
         2         2 (5.003460E+06,3.828098E-11) 
         2         3 (4.215398E+06,7.813243E+04) 
         2         4 (1.995102E+06,1.957881E+06) 
         3         1 (4.062939E+06,5.067248E+05) 
         3         2 (4.215398E+06,-7.813243E+04) 
         3         3 (3.587943E+06,-1.003119E-11) 
         3         4 (1.746389E+06,1.538633E+06) 
         4         1 (2.301957E+06,-1.771873E+06) 
         4         2 (1.995102E+06,-1.957881E+06) 
         4         3 (1.746389E+06,-1.538633E+06) 
         4         4 (1.804076E+06,1.760146E-12) 
 Australia 2003: multiple frequencies of 11:52:51 sound Nfft: 512 ovlap   0.75 inversion constructed: 05-Aug-2004 16:57:48
 164.000000     0.000 dB
 4
 7.315200
 12.801600
 15.151100
 21.031200
         1         1 (2.548603E+05,1.907379E-12) 
         1         2 (-3.452279E+05,-3.231265E+05) 
         1         3 (-6.365271E+05,-5.299737E+05) 
         1         4 (-1.088297E+06,-3.008374E+05) 
         2         1 (-3.452279E+05,3.231265E+05) 
         2         2 (9.950500E+05,-2.370192E-12) 
         2         3 (1.731063E+06,-1.101150E+05) 
         2         4 (2.035408E+06,-1.112637E+06) 
         3         1 (-6.365271E+05,5.299737E+05) 
         3         2 (1.731063E+06,1.101150E+05) 
         3         3 (3.037679E+06,-7.629751E-12) 
         3         4 (3.679912E+06,-1.725756E+06) 
         4         1 (-1.088297E+06,3.008374E+05) 
         4         2 (2.035408E+06,1.112637E+06) 
         4         3 (3.679912E+06,1.725756E+06) 
         4         4 (5.471945E+06,1.815179E-12) 
 Australia 2003: multiple frequencies of 11:52:51 sound Nfft: 512 ovlap   0.75 inversion constructed: 05-Aug-2004 16:57:48
 208.000000     0.000 dB
 4
 7.315200
 12.801600
 15.151100
 21.031200
         1         1 (5.551597E+06,-7.021725E-12) 
         1         2 (4.017150E+06,-4.019503E+05) 
         1         3 (1.899102E+06,-5.663336E+05) 
         1         4 (-4.806469E+05,2.566653E+05) 
         2         1 (4.017150E+06,4.019503E+05) 
         2         2 (2.974440E+06,-2.335118E-11) 
         2         3 (1.424467E+06,-2.861696E+05) 
         2         4 (-3.753828E+05,1.344980E+05) 
         3         1 (1.899102E+06,5.663336E+05) 
         3         2 (1.424467E+06,2.861696E+05) 
         3         3 (7.246428E+05,4.076976E-13) 
         3         4 (-1.838448E+05,3.092635E+04) 
         4         1 (-4.806469E+05,-2.566653E+05) 
         4         2 (-3.753828E+05,-1.344980E+05) 
         4         3 (-1.838448E+05,-3.092635E+04) 
         4         4 (6.837601E+04,3.332975E-13) 
 Australia 2003: multiple frequencies of 11:52:51 sound Nfft: 512 ovlap   0.75 inversion constructed: 05-Aug-2004 16:57:48
 248.000000     0.000 dB
 4
 7.315200
 12.801600
 15.151100
 21.031200
         1         1 (2.748801E+04,1.573597E-13) 
         1         2 (5.970088E+03,-2.170174E+04) 
         1         3 (-7.099588E+02,-2.225213E+04) 
         1         4 (-5.268373E+04,-2.347509E+04) 
         2         1 (5.970088E+03,2.170174E+04) 
         2         2 (2.099061E+04,6.393622E-14) 
         2         3 (1.943282E+04,-6.328349E+03) 
         2         4 (9.358293E+03,-4.981893E+04) 
         3         1 (-7.099588E+02,2.225213E+04) 
         3         2 (1.943282E+04,6.328349E+03) 
         3         3 (2.109442E+04,-1.192767E-13) 
         3         4 (2.395306E+04,-4.444846E+04) 
         4         1 (-5.268373E+04,2.347509E+04) 
         4         2 (9.358293E+03,4.981893E+04) 
         4         3 (2.395306E+04,4.444846E+04) 
         4         4 (1.302165E+05,1.159538E-12) 
 Australia 2003: multiple frequencies of 11:52:51 sound Nfft: 512 ovlap   0.75 inversion constructed: 05-Aug-2004 16:57:48
 312.000000     0.000 dB
 4
 7.315200
 12.801600
 15.151100
 21.031200
         1         1 (3.912396E+04,2.827816E-13) 
         1         2 (1.720931E+04,1.983700E+04) 
         1         3 (1.152643E+04,2.149355E+04) 
         1         4 (2.882344E+04,3.038435E+04) 
         2         1 (1.720931E+04,-1.983700E+04) 
         2         2 (1.953587E+04,-2.392049E-13) 
         2         3 (1.706310E+04,4.380818E+03) 
         2         4 (2.932171E+04,-9.617168E+02) 
         3         1 (1.152643E+04,-2.149355E+04) 
         3         2 (1.706310E+04,-4.380818E+03) 
         3         3 (1.689731E+04,-1.234358E-14) 
         3         4 (2.658169E+04,-7.263588E+03) 
         4         1 (2.882344E+04,-3.038435E+04) 
         4         2 (2.932171E+04,9.617168E+02) 
         4         3 (2.658169E+04,7.263588E+03) 
         4         4 (4.778763E+04,1.743429E-13) 
 Australia 2003: multiple frequencies of 11:52:51 sound Nfft: 512 ovlap   0.75 inversion constructed: 05-Aug-2004 16:57:48
 412.000000     0.000 dB
 4
 7.315200
 12.801600
 15.151100
 21.031200
         1         1 (1.905795E+04,5.004045E-14) 
         1         2 (2.610101E+03,-1.013453E+04) 
         1         3 (-1.545694E+02,-8.871348E+03) 
         1         4 (3.381826E+01,4.012854E+03) 
         2         1 (2.610101E+03,1.013453E+04) 
         2         2 (6.300166E+03,8.383234E-15) 
         2         3 (4.699512E+03,-1.363161E+03) 
         2         4 (-2.155141E+03,6.553454E+02) 
         3         1 (-1.545694E+02,8.871348E+03) 
         3         2 (4.699512E+03,1.363161E+03) 
         3         3 (4.608241E+03,-3.073338E-15) 
         3         4 (-1.907389E+03,-5.864440E+01) 
         4         1 (3.381826E+01,-4.012854E+03) 
         4         2 (-2.155141E+03,-6.553454E+02) 
         4         3 (-1.907389E+03,5.864440E+01) 
         4         4 (1.662941E+03,-1.066505E-14) 
 Australia 2003: multiple frequencies of 11:52:51 sound Nfft: 512 ovlap   0.75 inversion constructed: 05-Aug-2004 16:57:48
 468.000000     0.000 dB
 4
 7.315200
 12.801600
 15.151100
 21.031200
         1         1 (8.720522E+02,-8.220709E-16) 
         1         2 (1.144039E+03,-8.538495E+01) 
         1         3 (1.083089E+03,-1.357504E+03) 
         1         4 (-5.352357E+02,1.036156E+03) 
         2         1 (1.144039E+03,8.538495E+01) 
         2         2 (2.343660E+03,-8.930709E-15) 
         2         3 (2.238396E+03,-2.434331E+03) 
         2         4 (-7.124087E+02,1.822616E+03) 
         3         1 (1.083089E+03,1.357504E+03) 
         3         2 (2.238396E+03,2.434331E+03) 
         3         3 (5.098621E+03,2.571050E-14) 
         3         4 (-2.900694E+03,9.406889E+02) 
         4         1 (-5.352357E+02,-1.036156E+03) 
         4         2 (-7.124087E+02,-1.822616E+03) 
         4         3 (-2.900694E+03,-9.406889E+02) 
         4         4 (2.513609E+03,-7.287403E-15) 
 Australia 2003: multiple frequencies of 11:52:51 sound Nfft: 512 ovlap   0.75 inversion constructed: 05-Aug-2004 16:57:48
 512.000000     0.000 dB
 4
 7.315200
 12.801600
 15.151100
 21.031200
         1         1 (3.107678E+03,-4.793784E-17) 
         1         2 (1.308395E+03,-1.337302E+03) 
         1         3 (7.358951E+02,-1.659978E+03) 
         1         4 (-1.707405E+03,2.814233E+03) 
         2         1 (1.308395E+03,1.337302E+03) 
         2         2 (1.357067E+03,-2.344193E-15) 
         2         3 (1.181672E+03,-4.568264E+02) 
         2         4 (-2.067665E+03,5.496920E+02) 
         3         1 (7.358951E+02,1.659978E+03) 
         3         2 (1.181672E+03,4.568264E+02) 
         3         3 (1.390991E+03,4.688924E-16) 
         3         4 (-2.068560E+03,-2.667008E+02) 
         4         1 (-1.707405E+03,-2.814233E+03) 
         4         2 (-2.067665E+03,-5.496920E+02) 
         4         3 (-2.068560E+03,2.667008E+02) 
         4         4 (4.380866E+03,1.409641E-14) 
 Australia 2003: multiple frequencies of 11:52:51 sound Nfft: 512 ovlap   0.75 inversion constructed: 05-Aug-2004 16:57:48
 720.000000     0.000 dB
 4
 7.315200
 12.801600
 15.151100
 21.031200
         1         1 (1.701994E+03,-1.429868E-14) 
         1         2 (1.600951E+02,3.359942E+02) 
         1         3 (-5.870504E+02,2.398829E+03) 
         1         4 (-3.996282E+02,-5.115275E+02) 
         2         1 (1.600951E+02,-3.359942E+02) 
         2         2 (2.736269E+02,5.760880E-16) 
         2         3 (5.122062E+02,4.598437E+02) 
         2         4 (-1.564996E+02,2.645436E+01) 
         3         1 (-5.870504E+02,-2.398829E+03) 
         3         2 (5.122062E+02,-4.598437E+02) 
         3         3 (4.247672E+03,-3.525508E-16) 
         3         4 (-6.641116E+02,7.238198E+02) 
         4         1 (-3.996282E+02,5.115275E+02) 
         4         2 (-1.564996E+02,-2.645436E+01) 
         4         3 (-6.641116E+02,-7.238198E+02) 
         4         4 (6.081097E+02,4.539413E-16) 
 Australia 2003: multiple frequencies of 11:52:51 sound Nfft: 512 ovlap   0.75 inversion constructed: 05-Aug-2004 16:57:48
 804.000000     0.000 dB
 4
 7.315200
 12.801600
 15.151100
 21.031200
         1         1 (8.477287E+02,2.346831E-15) 
         1         2 (-3.788937E+02,2.962838E+02) 
         1         3 (-1.222501E+02,6.286472E+02) 
         1         4 (-3.435676E+02,-1.136238E+03) 
         2         1 (-3.788937E+02,-2.962838E+02) 
         2         2 (3.803825E+02,-3.432292E-15) 
         2         3 (3.419505E+02,-2.919473E+02) 
         2         4 (-3.423625E+02,6.741542E+02) 
         3         1 (-1.222501E+02,-6.286472E+02) 
         3         2 (3.419505E+02,2.919473E+02) 
         3         3 (6.641098E+02,7.802383E-15) 
         3         4 (-9.064911E+02,4.023872E+02) 
         4         1 (-3.435676E+02,1.136238E+03) 
         4         2 (-3.423625E+02,-6.741542E+02) 
         4         3 (-9.064911E+02,-4.023872E+02) 
         4         4 (2.210819E+03,1.301575E-15) 
!  
