'saga_20031023T115250_7803pt Australia 2003: multiple frequencies of 11:52:51 sound Nfft: 512 ovlap   0.75 inversion constructed: 05-Aug-2004 16:57:48' 
i cb p E A  !SAGA Options W writes baseline data
4000 64 20 !niter,q,npop 
0.8 0.5 0.05 !px,pu,pm 
td 	!snap options 
10 200  	!freq max_no_modes 
104.00 164.00 208.00 248.00 312.00 412.00 468.00 512.00 720.00 804.00 
 23.77 , 0. , 0. , 0
    0.00 1527.02 
    0.00 1527.02 
    1.50 1527.04 
    2.50 1527.04 
    3.50 1527.04 
    4.50 1527.04 
    5.50 1527.04 
    6.50 1527.06 
    7.50 1527.07 
    8.50 1527.08 
    9.50 1527.09 
   10.50 1527.11 
   11.50 1527.13 
   12.50 1527.14 
   13.50 1527.15 
   14.50 1527.17 
   15.50 1527.19 
   16.50 1527.20 
   17.50 1527.20 
   18.50 1527.20 
   19.50 1527.23 
   20.50 1527.25 
   21.50 1527.26 
   22.50 1527.27 
   23.77 1527.27 
   20.00   1.50   0.30  
  0.00 1600.00
  6.67 1666.67
 13.33 1733.33
 20.00 1800.00
    1.90   0.10 3000.00  
    0.00   0.00   
    1.10 
  7.32  21.03 -4   0.0000/ 
  0.0000   0.0000   0.0000   0.0000 
  7.32 
 12.80 
 15.15 
 21.03 

1
2000.00

20
1 1 23 26  16		!bottom depth
9 1  300.00 1000.00 512		!range
8 1   1.00  23.00 64		! source depth
25 2 -10 10 512		! range offset m
25 3 -10 10 512		! range offset m
25 4 -10 10 512		! range offset m
6 1 1.0 3.0 64		!sediment density
14 1 1.0 3.0 64		!bottom density
4 1 .1 1.1 64		!sediment attm
4 2 .1 1.1 64		!bottom attn
11 1 1500 2000 256		!ss bottom
11 2 0 1000 256		!ss bottom
11 3 0 1000 256		!ss bottom
11 4 0 1000 64		!ss bottom
11 5 0 1000 64		!ss bottom
11 6 1.034658e+04 1.036436e+04 128		!ssp EOF
11 7 -2.420423e+00 4.673337e+00 64		!ssp EOF
11 8 -2.679646e+00 1.196648e+00 64		!ssp EOF
11 9 -1.060281e+00 5.377690e-01 64		!ssp EOF
11 10 -4.079025e-01 5.414656e-01 64		!ssp EOF
