vel=[
       1.000     339.118
       2.000     339.236
       3.000     339.354
       4.000     339.472
       5.000     339.590
       6.000     339.708
       7.000     339.826
       8.000     339.944
       9.000     340.062
      10.000     340.180
      11.000     340.298
      12.000     340.416
      13.000     340.534
      14.000     340.652
      15.000     340.770
      16.000     340.888
      17.000     341.006
      18.000     341.124
      19.000     341.242
      20.000     341.360
      21.000     341.478
      22.000     341.596
      23.000     341.714
      24.000     341.832
      25.000     341.950
      26.000     342.068
      27.000     342.186
      28.000     342.304
      29.000     342.422
      30.000     342.540
      31.000     342.658
      32.000     342.776
      33.000     342.894
      34.000     343.012
      35.000     343.130
      36.000     343.248
      37.000     343.366
      38.000     343.484
      39.000     343.602
      40.000     343.720
      41.000     343.838
      42.000     343.956
      43.000     344.074
      44.000     344.192
      45.000     344.310
      46.000     344.428
      47.000     344.546
      48.000     344.664
      49.000     344.782
      50.000     344.900
      51.000     345.018
      52.000     345.136
      53.000     345.254
      54.000     345.372
      55.000     345.490
      56.000     345.608
      57.000     345.726
      58.000     345.844
      59.000     345.962
      60.000     346.080
      61.000     346.198
      62.000     346.316
      63.000     346.434
      64.000     346.552
      65.000     346.670
      66.000     346.788
      67.000     346.906
      68.000     347.024
      69.000     347.142
      70.000     347.260
      71.000     347.378
      72.000     347.496
      73.000     347.614
      74.000     347.732
      75.000     347.850
      76.000     347.968
      77.000     348.086
      78.000     348.204
      79.000     348.322
      80.000     348.440
      81.000     348.558
      82.000     348.676
      83.000     348.794
      84.000     348.912
      85.000     349.030
      86.000     349.148
      87.000     349.266
      88.000     349.384
      89.000     349.502
      90.000     349.620
      91.000     349.738
      92.000     349.856
      93.000     349.974
      94.000     350.092
      95.000     350.210
      96.000     350.328
      97.000     350.446
      98.000     350.564
      99.000     350.682
     100.000     350.800
     101.000     350.918
     102.000     351.036
     103.000     351.154
     104.000     351.272
     105.000     351.390
     106.000     351.508
     107.000     351.626
     108.000     351.744
     109.000     351.862
     110.000     351.980
     111.000     352.098
     112.000     352.216
     113.000     352.334
     114.000     352.452
     115.000     352.570
     116.000     352.688
     117.000     352.806
     118.000     352.924
     119.000     353.042
     120.000     353.160
     121.000     353.278
     122.000     353.396
     123.000     353.514
     124.000     353.632
     125.000     353.750
     126.000     353.868
     127.000     353.986
     128.000     354.104
     129.000     354.222
     130.000     354.340
     131.000     354.458
     132.000     354.576
     133.000     354.694
     134.000     354.812
     135.000     354.930
     136.000     355.048
     137.000     355.166
     138.000     355.284
     139.000     355.402
     140.000     355.520
     141.000     355.638
     142.000     355.756
     143.000     355.874
     144.000     355.992
     145.000     356.110
     146.000     356.228
     147.000     356.346
     148.000     356.464
     149.000     356.582
     150.000     356.700
     151.000     356.818
     152.000     356.936
     153.000     357.054
     154.000     357.172
     155.000     357.290
     156.000     357.408
     157.000     357.526
     158.000     357.644
     159.000     357.762
     160.000     357.880
     161.000     357.998
     162.000     358.116
     163.000     358.234
     164.000     358.352
     165.000     358.470
     166.000     358.588
     167.000     358.706
     168.000     358.824
     169.000     358.942
     170.000     359.060
     171.000     359.178
     172.000     359.296
     173.000     359.414
     174.000     359.532
     175.000     359.650
     176.000     359.768
     177.000     359.886
     178.000     360.004
     179.000     360.122
     180.000     360.240
     181.000     360.358
     182.000     360.476
     183.000     360.594
     184.000     360.712
     185.000     360.830
     186.000     360.948
     187.000     361.066
     188.000     361.184
     189.000     361.302
     190.000     361.420
     191.000     361.538
     192.000     361.656
     193.000     361.774
     194.000     361.892
     195.000     362.010
     196.000     362.128
     197.000     362.246
     198.000     362.364
     199.000     362.482
     200.000     362.600
     201.000     362.718
     202.000     362.836
     203.000     362.954
     204.000     363.072
     205.000     363.190
     206.000     363.308
     207.000     363.426
     208.000     363.544
     209.000     363.662
     210.000     363.780
     211.000     363.898
     212.000     364.016
     213.000     364.134
     214.000     364.252
     215.000     364.370
     216.000     364.488
     217.000     364.606
     218.000     364.724
     219.000     364.842
     220.000     364.960
     221.000     365.078
     222.000     365.196
     223.000     365.314
     224.000     365.432
     225.000     365.550
     226.000     365.668
     227.000     365.786
     228.000     365.904
     229.000     366.022
     230.000     366.140
     231.000     366.258
     232.000     366.376
     233.000     366.494
     234.000     366.612
     235.000     366.730
     236.000     366.848
     237.000     366.966
     238.000     367.084
     239.000     367.202
     240.000     367.320
     241.000     367.438
     242.000     367.556
     243.000     367.674
     244.000     367.792
     245.000     367.910
     246.000     368.028
     247.000     368.146
     248.000     368.264
     249.000     368.382
     250.000     368.500
     251.000     368.618
     252.000     367.776
     253.000     366.765
     254.000     365.754
     255.000     364.743
     256.000     363.732
     257.000     362.721
     258.000     361.710
     259.000     360.699
     260.000     359.688
     261.000     358.677
     262.000     357.667
     263.000     356.656
     264.000     355.645
     265.000     354.634
     266.000     353.623
     267.000     352.612
     268.000     351.601
     269.000     350.590
     270.000     349.579
     271.000     348.568
     272.000     347.557
     273.000     346.546
     274.000     345.536
     275.000     344.525
     276.000     343.514
     277.000     342.503
     278.000     341.492
     279.000     340.481
     280.000     339.470
     281.000     338.459
     282.000     337.448
     283.000     336.437
     284.000     335.426
     285.000     334.415
     286.000     333.405
     287.000     332.394
     288.000     331.383
     289.000     330.372
     290.000     329.361
     291.000     328.350
     292.000     327.339
     293.000     326.328
     294.000     325.317
     295.000     324.306
     296.000     323.295
     297.000     322.284
     298.000     321.274
     299.000     320.263
     300.000     319.252
     301.000     319.264
     302.000     319.382
     303.000     319.500
     304.000     319.618
     305.000     319.736
     306.000     319.854
     307.000     319.972
     308.000     320.090
     309.000     320.208
     310.000     320.326
     311.000     320.444
     312.000     320.562
     313.000     320.680
     314.000     320.798
     315.000     320.916
     316.000     321.034
     317.000     321.152
     318.000     321.270
     319.000     321.388
     320.000     321.506
     321.000     321.624
     322.000     321.742
     323.000     321.860
     324.000     321.978
     325.000     322.096
     326.000     322.214
     327.000     322.332
     328.000     322.450
     329.000     322.568
     330.000     322.686
     331.000     322.804
     332.000     322.922
     333.000     323.040
     334.000     323.158
     335.000     323.276
     336.000     323.394
     337.000     323.512
     338.000     323.630
     339.000     323.748
     340.000     323.866
     341.000     323.984
     342.000     324.102
     343.000     324.220
     344.000     324.338
     345.000     324.456
     346.000     324.574
     347.000     324.692
     348.000     324.810
     349.000     324.928
     350.000     325.046
     351.000     325.164
     352.000     325.282
     353.000     325.400
     354.000     325.518
     355.000     325.636
     356.000     325.754
     357.000     325.872
     358.000     325.990
     359.000     326.108
     360.000     326.226
     361.000     326.344
     362.000     326.462
     363.000     326.580
     364.000     326.698
     365.000     326.816
     366.000     326.934
     367.000     327.052
     368.000     327.170
     369.000     327.288
     370.000     327.406
     371.000     327.524
     372.000     327.642
     373.000     327.760
     374.000     327.878
     375.000     327.996
     376.000     328.114
     377.000     328.232
     378.000     328.350
     379.000     328.468
     380.000     328.586
     381.000     328.704
     382.000     328.822
     383.000     328.940
     384.000     329.058
     385.000     329.176
     386.000     329.294
     387.000     329.412
     388.000     329.530
     389.000     329.648
     390.000     329.766
     391.000     329.884
     392.000     330.002
     393.000     330.120
     394.000     330.238
     395.000     330.356
     396.000     330.474
     397.000     330.592
     398.000     330.710
     399.000     330.828
     400.000     330.946
     401.000     331.064
     402.000     331.182
     403.000     331.300
     404.000     331.418
     405.000     331.536
     406.000     331.654
     407.000     331.772
     408.000     331.890
     409.000     332.008
     410.000     332.126
     411.000     332.244
     412.000     332.362
     413.000     332.480
     414.000     332.598
     415.000     332.716
     416.000     332.834
     417.000     332.952
     418.000     333.070
     419.000     333.188
     420.000     333.306
     421.000     333.424
     422.000     333.542
     423.000     333.660
     424.000     333.778
     425.000     333.896
     426.000     334.014
     427.000     334.132
     428.000     334.250
     429.000     334.368
     430.000     334.486
     431.000     334.604
     432.000     334.722
     433.000     334.840
     434.000     334.958
     435.000     335.076
     436.000     335.194
     437.000     335.312
     438.000     335.430
     439.000     335.548
     440.000     335.666
     441.000     335.784
     442.000     335.902
     443.000     336.020
     444.000     336.138
     445.000     336.256
     446.000     336.374
     447.000     336.492
     448.000     336.610
     449.000     336.728
     450.000     336.846
     451.000     336.964
     452.000     337.082
     453.000     337.200
     454.000     337.318
     455.000     337.436
     456.000     337.554
     457.000     337.672
     458.000     337.790
     459.000     337.908
     460.000     338.026
     461.000     338.144
     462.000     338.262
     463.000     338.380
     464.000     338.498
     465.000     338.616
     466.000     338.734
     467.000     338.852
     468.000     338.970
     469.000     339.088
     470.000     339.206
     471.000     339.324
     472.000     339.442
     473.000     339.560
     474.000     339.678
     475.000     339.796
     476.000     339.914
     477.000     340.032
     478.000     340.150
     479.000     340.268
     480.000     340.386
     481.000     340.504
     482.000     340.622
     483.000     340.740
     484.000     340.858
     485.000     340.976
     486.000     341.094
     487.000     341.212
     488.000     341.330
     489.000     341.448
     490.000     341.566
     491.000     341.684
     492.000     341.802
     493.000     341.920
     494.000     342.038
     495.000     342.156
     496.000     342.274
     497.000     342.392
     498.000     342.510
     499.000     342.628
     500.000     342.746
     501.000     342.864
     502.000     342.982
     503.000     343.100
     504.000     343.218
     505.000     343.336
     506.000     343.454
     507.000     343.572
     508.000     343.690
     509.000     343.808
     510.000     343.926
     511.000     344.044
     512.000     344.162
     513.000     344.280
     514.000     344.398
     515.000     344.516
     516.000     344.634
     517.000     344.752
     518.000     344.870
     519.000     344.988
     520.000     345.106
     521.000     345.224
     522.000     345.342
     523.000     345.460
     524.000     345.578
     525.000     345.696
     526.000     345.814
     527.000     345.932
     528.000     346.050
     529.000     346.168
     530.000     346.286
     531.000     346.404
     532.000     346.522
     533.000     346.640
     534.000     346.758
     535.000     346.876
     536.000     346.994
     537.000     347.112
     538.000     347.230
     539.000     347.348
     540.000     347.466
     541.000     347.584
     542.000     347.702
     543.000     347.820
     544.000     347.938
     545.000     348.056
     546.000     348.174
     547.000     348.292
     548.000     348.410
     549.000     348.528
     550.000     348.646
     551.000     348.764
     552.000     348.882
     553.000     349.000
     554.000     349.118
     555.000     349.236
     556.000     349.354
     557.000     349.472
     558.000     349.590
     559.000     349.708
     560.000     349.826
     561.000     349.944
     562.000     350.062
     563.000     350.180
     564.000     350.298
     565.000     350.416
     566.000     350.534
     567.000     350.652
     568.000     350.770
     569.000     350.888
     570.000     351.006
     571.000     351.124
     572.000     351.242
     573.000     351.360
     574.000     351.478
     575.000     351.596
     576.000     351.714
     577.000     351.832
     578.000     351.950
     579.000     352.068
     580.000     352.186
     581.000     352.304
     582.000     352.422
     583.000     352.540
     584.000     352.658
     585.000     352.776
     586.000     352.894
     587.000     353.012
     588.000     353.130
     589.000     353.248
     590.000     353.366
     591.000     353.484
     592.000     353.602
     593.000     353.720
     594.000     353.838
     595.000     353.956
     596.000     354.074
     597.000     354.192
     598.000     354.310
     599.000     354.428
     600.000     354.546
     601.000     354.664
     602.000     354.782
     603.000     354.900
     604.000     355.018
     605.000     355.136
     606.000     355.254
     607.000     355.372
     608.000     355.490
     609.000     355.608
     610.000     355.726
     611.000     355.844
     612.000     355.962
     613.000     356.080
     614.000     356.198
     615.000     356.316
     616.000     356.434
     617.000     356.552
     618.000     356.670
     619.000     356.788
     620.000     356.906
     621.000     357.024
     622.000     357.142
     623.000     357.260
     624.000     357.378
     625.000     357.496
     626.000     357.614
     627.000     357.732
     628.000     357.850
     629.000     357.968
     630.000     358.086
     631.000     358.204
     632.000     358.322
     633.000     358.440
     634.000     358.558
     635.000     358.676
     636.000     358.794
     637.000     358.912
     638.000     359.030
     639.000     359.148
     640.000     359.266
     641.000     359.384
     642.000     359.502
     643.000     359.620
     644.000     359.738
     645.000     359.856
     646.000     359.974
     647.000     360.092
     648.000     360.210
     649.000     360.328
     650.000     360.446
     651.000     360.564
     652.000     360.682
     653.000     360.800
     654.000     360.918
     655.000     361.036
     656.000     361.154
     657.000     361.272
     658.000     361.390
     659.000     361.508
     660.000     361.626
     661.000     361.744
     662.000     361.862
     663.000     361.980
     664.000     362.098
     665.000     362.216
     666.000     362.334
     667.000     362.452
     668.000     362.570
     669.000     362.688
     670.000     362.806
     671.000     362.924
     672.000     363.042
     673.000     363.160
     674.000     363.278
     675.000     363.396
     676.000     363.514
     677.000     363.632
     678.000     363.750
     679.000     363.868
     680.000     363.986
     681.000     364.104
     682.000     364.222
     683.000     364.340
     684.000     364.458
     685.000     364.576
     686.000     364.694
     687.000     364.812
     688.000     364.930
     689.000     365.048
     690.000     365.166
     691.000     365.284
     692.000     365.402
     693.000     365.520
     694.000     365.638
     695.000     365.756
     696.000     365.874
     697.000     365.992
     698.000     366.110
     699.000     366.228
     700.000     366.346
     701.000     366.464
     702.000     366.582
     703.000     366.700
     704.000     366.818
     705.000     366.936
     706.000     367.054
     707.000     367.172
     708.000     367.290
     709.000     367.408
     710.000     367.526
     711.000     367.644
     712.000     367.762
     713.000     367.880
     714.000     367.998
     715.000     368.116
     716.000     368.234
     717.000     368.352
     718.000     368.470
     719.000     368.588
     720.000     368.706
     721.000     368.824
     722.000     368.942
     723.000     369.060
     724.000     369.178
     725.000     369.296
     726.000     369.414
     727.000     369.532
     728.000     369.650
     729.000     369.768
     730.000     369.886
     731.000     370.004
     732.000     370.122
     733.000     370.240
     734.000     370.358
     735.000     370.476
     736.000     370.594
     737.000     370.712
     738.000     370.830
     739.000     370.948
     740.000     371.066
     741.000     371.184
     742.000     371.302
     743.000     371.420
     744.000     371.538
     745.000     371.656
     746.000     371.774
     747.000     371.892
     748.000     372.010
     749.000     372.128
     750.000     372.246
     751.000     372.364
     752.000     372.482
     753.000     372.600
     754.000     372.718
     755.000     372.836
     756.000     372.954
     757.000     373.072
     758.000     373.190
     759.000     373.308
     760.000     373.426
     761.000     373.544
     762.000     373.662
     763.000     373.780
     764.000     373.898
     765.000     374.016
     766.000     374.134
     767.000     374.252
     768.000     374.370
     769.000     374.488
     770.000     374.606
     771.000     374.724
     772.000     374.842
     773.000     374.960
     774.000     375.078
     775.000     375.196
     776.000     375.314
     777.000     375.432
     778.000     375.550
     779.000     375.668
     780.000     375.786
     781.000     375.904
     782.000     376.022
     783.000     376.140
     784.000     376.258
     785.000     376.376
     786.000     376.494
     787.000     376.612
     788.000     376.730
     789.000     376.848
     790.000     376.966
     791.000     377.084
     792.000     377.202
     793.000     377.320
     794.000     377.438
     795.000     377.556
     796.000     377.674
     797.000     377.792
     798.000     377.910
     799.000     378.028
     800.000     378.146
     801.000     378.264
     802.000     378.382
     803.000     378.500
     804.000     378.618
     805.000     378.736
     806.000     378.854
     807.000     378.972
     808.000     379.090
     809.000     379.208
     810.000     379.326
     811.000     379.444
     812.000     379.562
     813.000     379.680
     814.000     379.798
     815.000     379.916
     816.000     380.034
     817.000     380.152
     818.000     380.270
     819.000     380.388
     820.000     380.506
     821.000     380.624
     822.000     380.742
     823.000     380.860
     824.000     380.978
     825.000     381.096
     826.000     381.214
     827.000     381.332
     828.000     381.450
     829.000     381.568
     830.000     381.686
     831.000     381.804
     832.000     381.922
     833.000     382.040
     834.000     382.158
     835.000     382.276
     836.000     382.394
     837.000     382.512
     838.000     382.630
     839.000     382.748
     840.000     382.866
     841.000     382.984
     842.000     383.102
     843.000     383.220
     844.000     383.338
     845.000     383.456
     846.000     383.574
     847.000     383.692
     848.000     383.810
     849.000     383.928
     850.000     384.046
     851.000     384.164
     852.000     384.282
     853.000     384.400
     854.000     384.518
     855.000     384.636
     856.000     384.754
     857.000     384.872
     858.000     384.990
     859.000     385.108
     860.000     385.226
     861.000     385.344
     862.000     385.462
     863.000     385.580
     864.000     385.698
     865.000     385.816
     866.000     385.934
     867.000     386.052
     868.000     386.170
     869.000     386.288
     870.000     386.406
     871.000     386.524
     872.000     386.642
     873.000     386.760
     874.000     386.878
     875.000     386.996
     876.000     387.114
     877.000     387.232
     878.000     387.350
     879.000     387.468
     880.000     387.586
     881.000     387.704
     882.000     387.822
     883.000     387.940
     884.000     388.058
     885.000     388.176
     886.000     388.294
     887.000     388.412
     888.000     388.530
     889.000     388.648
     890.000     388.766
     891.000     388.884
     892.000     389.002
     893.000     389.120
     894.000     389.238
     895.000     389.356
     896.000     389.474
     897.000     389.592
     898.000     389.710
     899.000     389.828
     900.000     389.946
     901.000     390.064
     902.000     390.182
     903.000     390.300
     904.000     390.418
     905.000     390.536
     906.000     390.654
     907.000     390.772
     908.000     390.890
     909.000     391.008
     910.000     391.126
     911.000     391.244
     912.000     391.362
     913.000     391.480
     914.000     391.598
     915.000     391.716
     916.000     391.834
     917.000     391.952
     918.000     392.070
     919.000     392.188
     920.000     392.306
     921.000     392.424
     922.000     392.542
     923.000     392.660
     924.000     392.778
     925.000     392.896
     926.000     393.014
     927.000     393.132
     928.000     393.250
     929.000     393.368
     930.000     393.486
     931.000     393.604
     932.000     393.722
     933.000     393.840
     934.000     393.958
     935.000     394.076
     936.000     394.194
     937.000     394.312
     938.000     394.430
     939.000     394.548
     940.000     394.666
     941.000     394.784
     942.000     394.902
     943.000     395.020
     944.000     395.138
     945.000     395.256
     946.000     395.374
     947.000     395.492
     948.000     395.610
     949.000     395.728
     950.000     395.846
     951.000     395.964
     952.000     396.082
     953.000     396.200
     954.000     396.318
     955.000     396.436
     956.000     396.554
     957.000     396.672
     958.000     396.790
     959.000     396.908
     960.000     397.026
     961.000     397.144
     962.000     397.262
     963.000     397.380
     964.000     397.498
     965.000     397.616
     966.000     397.734
     967.000     397.852
     968.000     397.970
     969.000     398.088
     970.000     398.206
     971.000     398.324
     972.000     398.442
     973.000     398.560
     974.000     398.678
     975.000     398.796
     976.000     398.914
     977.000     399.032
     978.000     399.150
     979.000     399.268
     980.000     399.386
     981.000     399.504
     982.000     399.622
     983.000     399.740
     984.000     399.858
     985.000     399.976
     986.000     400.094
     987.000     400.212
     988.000     400.330
     989.000     400.448
     990.000     400.566
     991.000     400.684
     992.000     400.802
     993.000     400.920
     994.000     401.038
     995.000     401.156
     996.000     401.274
     997.000     401.392
     998.000     401.510
     999.000     401.628
    1000.000     401.746
    1001.000     401.864
    1002.000     401.982
    1003.000     402.100
    1004.000     402.218
    1005.000     402.336
    1006.000     402.454
    1007.000     402.572
    1008.000     402.690
    1009.000     402.808
    1010.000     402.926
    1011.000     403.044
    1012.000     403.162
    1013.000     403.280
    1014.000     403.398
    1015.000     403.516
    1016.000     403.634
    1017.000     403.752
    1018.000     403.870
    1019.000     403.988
    1020.000     404.106
    1021.000     404.224
    1022.000     404.342
    1023.000     404.460
    1024.000     404.578
];
