! File format: Hydrophone vectors
 TPEM optimizing for the tri-linear profiles                 
   1000.000               1
          50
      1.00
      2.00
      3.00
      4.00
      5.00
      6.00
      7.00
      8.00
      9.00
     10.00
     11.00
     12.00
     13.00
     14.00
     15.00
     16.00
     17.00
     18.00
     19.00
     20.00
     21.00
     22.00
     23.00
     24.00
     25.00
     26.00
     27.00
     28.00
     29.00
     30.00
     31.00
     32.00
     33.00
     34.00
     35.00
     36.00
     37.00
     38.00
     39.00
     40.00
     41.00
     42.00
     43.00
     44.00
     45.00
     46.00
     47.00
     48.00
     49.00
     50.00
           1 (3.4450638E-04,-3.9366810E-04)
           2 (6.8440195E-04,-7.9079345E-04)
           3 (1.0155432E-03,-1.1906212E-03)
           4 (1.7126482E-03,-2.0802431E-03)
           5 (2.0232911E-03,-2.4954095E-03)
           6 (2.3225355E-03,-2.9118741E-03)
           7 (2.6086213E-03,-3.3364894E-03)
           8 (3.1634315E-03,-4.2804475E-03)
           9 (3.3899662E-03,-4.7287466E-03)
          10 (3.5973808E-03,-5.1843780E-03)
          11 (3.9547686E-03,-6.1797416E-03)
          12 (4.0856521E-03,-6.6381618E-03)
          13 (4.1950983E-03,-7.0934556E-03)
          14 (4.2762742E-03,-7.5463792E-03)
          15 (4.3342970E-03,-8.5050324E-03)
          16 (4.3190527E-03,-8.9357318E-03)
          17 (4.2722439E-03,-9.3496181E-03)
          18 (4.0709404E-03,-1.0151091E-02)
          19 (3.9373864E-03,-1.0482622E-02)
          20 (3.7714150E-03,-1.0784979E-02)
          21 (3.5751062E-03,-1.1054585E-02)
          22 (3.0508039E-03,-1.1485811E-02)
          23 (2.7710320E-03,-1.1620999E-02)
          24 (2.4676442E-03,-1.1704195E-02)
          25 (1.7303991E-03,-1.1671470E-02)
          26 (1.3642876E-03,-1.1573832E-02)
          27 (9.7591704E-04,-1.1421022E-02)
          28 (5.7148677E-04,-1.1211632E-02)
          29 (-3.5461487E-04,-1.0514232E-02)
          30 (-7.9376908E-04,-1.0100666E-02)
          31 (-1.2382425E-03,-9.6244244E-03)
          32 (-2.2106303E-03,-8.3710551E-03)
          33 (-2.6644003E-03,-7.7152266E-03)
          34 (-3.1174375E-03,-7.0122033E-03)
          35 (-3.5624977E-03,-6.2632295E-03)
          36 (-4.4836760E-03,-4.4722930E-03)
          37 (-4.8925937E-03,-3.5969310E-03)
          38 (-5.2857581E-03,-2.6927916E-03)
          39 (-5.6634448E-03,-1.7700843E-03)
          40 (-6.3950140E-03,2.5431675E-04)
          41 (-6.7021102E-03,1.1896273E-03)
          42 (-6.9883037E-03,2.1194639E-03)
          43 (-7.4741868E-03,4.0646442E-03)
          44 (-7.6551610E-03,4.9229506E-03)
          45 (-7.8073703E-03,5.7460251E-03)
          46 (-7.9288092E-03,6.5224613E-03)
          47 (-8.0478890E-03,7.9876352E-03)
          48 (-8.0520203E-03,8.5857846E-03)
          49 (-8.0168098E-03,9.1246637E-03)
          50 (-7.7957236E-03,1.0008021E-02)
