! File format: Hydrophone vectors
 TPEM optimizing for the tri-linear profiles (fig 6)         
     143.000  3  1
   50
      3.96
      5.92
      7.88
      9.84
     11.80
     13.76
     15.72
     17.68
     19.64
     21.60
     23.56
     25.52
     27.48
     29.44
     31.40
     33.36
     35.32
     37.28
     39.24
     41.20
     43.16
     45.12
     47.08
     49.04
     51.00
     52.96
     54.92
     56.88
     58.84
     60.80
     62.76
     64.72
     66.68
     68.64
     70.60
     72.56
     74.52
     76.48
     78.44
     80.40
     82.36
     84.32
     86.28
     88.24
     90.20
     92.16
     94.12
     96.08
     98.04
    100.00
   1  (    1.71140E-09,   -1.32361E-09)    2.16352E-09
   2  (    3.22435E-09,   -2.70802E-09)    4.21068E-09
   3  (    4.84600E-09,   -3.78435E-09)    6.14858E-09
   4  (    6.78290E-09,   -4.65764E-09)    8.22808E-09
   5  (    8.87197E-09,   -5.53457E-09)    1.04567E-08
   6  (    1.08617E-08,   -6.53204E-09)    1.26746E-08
   7  (    1.28237E-08,   -7.50801E-09)    1.48599E-08
   8  (    1.49061E-08,   -8.35191E-09)    1.70865E-08
   9  (    1.70096E-08,   -9.11129E-09)    1.92962E-08
   10  (    1.90258E-08,   -9.86119E-09)    2.14295E-08
   11  (    2.08852E-08,   -1.10047E-08)    2.36071E-08
   12  (    2.26031E-08,   -1.22982E-08)    2.57322E-08
   13  (    2.42713E-08,   -1.33394E-08)    2.76954E-08
   14  (    2.59324E-08,   -1.43957E-08)    2.96602E-08
   15  (    2.74903E-08,   -1.54407E-08)    3.15299E-08
   16  (    2.90182E-08,   -1.63919E-08)    3.33279E-08
   17  (    3.05965E-08,   -1.74297E-08)    3.52128E-08
   18  (    3.21811E-08,   -1.84875E-08)    3.71134E-08
   19  (    3.38915E-08,   -1.94484E-08)    3.90752E-08
   20  (    3.56033E-08,   -2.04611E-08)    4.10640E-08
   21  (    3.72167E-08,   -2.14267E-08)    4.29440E-08
   22  (    3.89221E-08,   -2.21918E-08)    4.48041E-08
   23  (    4.04302E-08,   -2.29747E-08)    4.65020E-08
   24  (    4.17757E-08,   -2.37833E-08)    4.80713E-08
   25  (    4.33114E-08,   -2.44710E-08)    4.97465E-08
   26  (    4.48961E-08,   -2.50125E-08)    5.13935E-08
   27  (    4.64985E-08,   -2.56239E-08)    5.30914E-08
   28  (    4.80243E-08,   -2.63962E-08)    5.48005E-08
   29  (    4.93911E-08,   -2.70509E-08)    5.63137E-08
   30  (    5.05388E-08,   -2.76511E-08)    5.76087E-08
   31  (    5.14019E-08,   -2.83603E-08)    5.87065E-08
   32  (    5.21917E-08,   -2.90644E-08)    5.97387E-08
   33  (    5.29787E-08,   -2.98294E-08)    6.07991E-08
   34  (    5.37023E-08,   -3.05234E-08)    6.17707E-08
   35  (    5.43241E-08,   -3.09978E-08)    6.25458E-08
   36  (    5.49060E-08,   -3.15055E-08)    6.33029E-08
   37  (    5.55817E-08,   -3.20338E-08)    6.41520E-08
   38  (    5.63672E-08,   -3.24505E-08)    6.50407E-08
   39  (    5.72587E-08,   -3.26354E-08)    6.59062E-08
   40  (    5.80086E-08,   -3.24619E-08)    6.64739E-08
   41  (    5.85411E-08,   -3.21713E-08)    6.67986E-08
   42  (    5.91447E-08,   -3.20640E-08)    6.72770E-08
   43  (    5.95190E-08,   -3.20862E-08)    6.76169E-08
   44  (    5.94041E-08,   -3.21249E-08)    6.75342E-08
   45  (    5.91560E-08,   -3.21979E-08)    6.73508E-08
   46  (    5.90209E-08,   -3.21241E-08)    6.71969E-08
   47  (    5.89753E-08,   -3.20234E-08)    6.71088E-08
   48  (    5.86175E-08,   -3.21245E-08)    6.68430E-08
   49  (    5.77714E-08,   -3.20944E-08)    6.60877E-08
   50  (    5.69602E-08,   -3.17466E-08)    6.52097E-08
 TPEM optimizing for the tri-linear profiles (fig 6)         
     263.000  3  1
   50
      3.96
      5.92
      7.88
      9.84
     11.80
     13.76
     15.72
     17.68
     19.64
     21.60
     23.56
     25.52
     27.48
     29.44
     31.40
     33.36
     35.32
     37.28
     39.24
     41.20
     43.16
     45.12
     47.08
     49.04
     51.00
     52.96
     54.92
     56.88
     58.84
     60.80
     62.76
     64.72
     66.68
     68.64
     70.60
     72.56
     74.52
     76.48
     78.44
     80.40
     82.36
     84.32
     86.28
     88.24
     90.20
     92.16
     94.12
     96.08
     98.04
    100.00
   1  (    1.75318E-09,   -8.76382E-10)    1.96002E-09
   2  (    3.24674E-09,   -1.55600E-09)    3.60034E-09
   3  (    4.88732E-09,   -2.25833E-09)    5.38386E-09
   4  (    6.69354E-09,   -3.13214E-09)    7.39011E-09
   5  (    8.40752E-09,   -4.33910E-09)    9.46119E-09
   6  (    9.84964E-09,   -5.56143E-09)    1.13113E-08
   7  (    1.10503E-08,   -6.38526E-09)    1.27624E-08
   8  (    1.24429E-08,   -7.07090E-09)    1.43116E-08
   9  (    1.39474E-08,   -7.92133E-09)    1.60399E-08
   10  (    1.49548E-08,   -9.02346E-09)    1.74662E-08
   11  (    1.57308E-08,   -1.00434E-08)    1.86635E-08
   12  (    1.67524E-08,   -1.08397E-08)    1.99535E-08
   13  (    1.78872E-08,   -1.19429E-08)    2.15078E-08
   14  (    1.91028E-08,   -1.32900E-08)    2.32710E-08
   15  (    2.00752E-08,   -1.43677E-08)    2.46869E-08
   16  (    2.06037E-08,   -1.52426E-08)    2.56291E-08
   17  (    2.13612E-08,   -1.61461E-08)    2.67768E-08
   18  (    2.24211E-08,   -1.69537E-08)    2.81094E-08
   19  (    2.33381E-08,   -1.75812E-08)    2.92192E-08
   20  (    2.42057E-08,   -1.82012E-08)    3.02853E-08
   21  (    2.51017E-08,   -1.88714E-08)    3.14042E-08
   22  (    2.60693E-08,   -1.95910E-08)    3.26101E-08
   23  (    2.72490E-08,   -2.02992E-08)    3.39789E-08
   24  (    2.86719E-08,   -2.07557E-08)    3.53961E-08
   25  (    2.99390E-08,   -2.09504E-08)    3.65413E-08
   26  (    3.07613E-08,   -2.10414E-08)    3.72692E-08
   27  (    3.18474E-08,   -2.12215E-08)    3.82702E-08
   28  (    3.33603E-08,   -2.13440E-08)    3.96040E-08
   29  (    3.46008E-08,   -2.10396E-08)    4.04954E-08
   30  (    3.57340E-08,   -2.07080E-08)    4.13006E-08
   31  (    3.69762E-08,   -2.08489E-08)    4.24490E-08
   32  (    3.81715E-08,   -2.11511E-08)    4.36398E-08
   33  (    3.93938E-08,   -2.10789E-08)    4.46788E-08
   34  (    4.04209E-08,   -2.06147E-08)    4.53742E-08
   35  (    4.11564E-08,   -2.03062E-08)    4.58932E-08
   36  (    4.18546E-08,   -2.02166E-08)    4.64814E-08
   37  (    4.24980E-08,   -2.00206E-08)    4.69777E-08
   38  (    4.29014E-08,   -1.98274E-08)    4.72616E-08
   39  (    4.31174E-08,   -1.96474E-08)    4.73829E-08
   40  (    4.35277E-08,   -1.95621E-08)    4.77215E-08
   41  (    4.39228E-08,   -1.98011E-08)    4.81798E-08
   42  (    4.36708E-08,   -2.00913E-08)    4.80708E-08
   43  (    4.31703E-08,   -2.00922E-08)    4.76170E-08
   44  (    4.28731E-08,   -1.99085E-08)    4.72700E-08
   45  (    4.25637E-08,   -1.98155E-08)    4.69502E-08
   46  (    4.20792E-08,   -1.98654E-08)    4.65327E-08
   47  (    4.11538E-08,   -1.99033E-08)    4.57141E-08
   48  (    4.01288E-08,   -1.98313E-08)    4.47616E-08
   49  (    3.95858E-08,   -1.97958E-08)    4.42596E-08
   50  (    3.90353E-08,   -1.99616E-08)    4.38432E-08
 TPEM optimizing for the tri-linear profiles (fig 6)         
     375.000  3  1
   50
      3.96
      5.92
      7.88
      9.84
     11.80
     13.76
     15.72
     17.68
     19.64
     21.60
     23.56
     25.52
     27.48
     29.44
     31.40
     33.36
     35.32
     37.28
     39.24
     41.20
     43.16
     45.12
     47.08
     49.04
     51.00
     52.96
     54.92
     56.88
     58.84
     60.80
     62.76
     64.72
     66.68
     68.64
     70.60
     72.56
     74.52
     76.48
     78.44
     80.40
     82.36
     84.32
     86.28
     88.24
     90.20
     92.16
     94.12
     96.08
     98.04
    100.00
   1  (   -2.30301E-11,   -7.01909E-10)    7.02287E-10
   2  (   -3.38193E-10,   -1.48907E-09)    1.52699E-09
   3  (   -1.75423E-10,   -2.30149E-09)    2.30816E-09
   4  (    2.16244E-10,   -2.88674E-09)    2.89482E-09
   5  (    2.90453E-10,   -3.37857E-09)    3.39104E-09
   6  (    4.99880E-10,   -4.00846E-09)    4.03951E-09
   7  (    8.48801E-10,   -4.59568E-09)    4.67341E-09
   8  (    1.18687E-09,   -4.98306E-09)    5.12245E-09
   9  (    1.80079E-09,   -5.18828E-09)    5.49191E-09
   10  (    2.56352E-09,   -5.32743E-09)    5.91212E-09
   11  (    3.16533E-09,   -5.40680E-09)    6.26521E-09
   12  (    3.62655E-09,   -5.40263E-09)    6.50694E-09
   13  (    4.00918E-09,   -5.35180E-09)    6.68695E-09
   14  (    4.30797E-09,   -5.08248E-09)    6.66260E-09
   15  (    4.58573E-09,   -4.68965E-09)    6.55910E-09
   16  (    4.87148E-09,   -4.42669E-09)    6.58232E-09
   17  (    4.95986E-09,   -4.08560E-09)    6.42591E-09
   18  (    4.74201E-09,   -3.58352E-09)    5.94377E-09
   19  (    4.45659E-09,   -3.16297E-09)    5.46494E-09
   20  (    4.06689E-09,   -2.93746E-09)    5.01680E-09
   21  (    3.47518E-09,   -2.76241E-09)    4.43934E-09
   22  (    3.18450E-09,   -2.46071E-09)    4.02444E-09
   23  (    3.08870E-09,   -2.23869E-09)    3.81468E-09
   24  (    2.52757E-09,   -2.29393E-09)    3.41331E-09
   25  (    2.02894E-09,   -2.51444E-09)    3.23095E-09
   26  (    1.92371E-09,   -2.78504E-09)    3.38484E-09
   27  (    1.63204E-09,   -3.02638E-09)    3.43839E-09
   28  (    1.58542E-09,   -3.38516E-09)    3.73803E-09
   29  (    2.00191E-09,   -3.91844E-09)    4.40021E-09
   30  (    2.12492E-09,   -4.42634E-09)    4.90997E-09
   31  (    2.19114E-09,   -4.97660E-09)    5.43761E-09
   32  (    2.49264E-09,   -5.55044E-09)    6.08446E-09
   33  (    2.63077E-09,   -6.04975E-09)    6.59700E-09
   34  (    2.84338E-09,   -6.59340E-09)    7.18037E-09
   35  (    3.23883E-09,   -7.06754E-09)    7.77433E-09
   36  (    3.42169E-09,   -7.33734E-09)    8.09596E-09
   37  (    3.41183E-09,   -7.54550E-09)    8.28101E-09
   38  (    3.25848E-09,   -7.86722E-09)    8.51533E-09
   39  (    2.93800E-09,   -8.16477E-09)    8.67728E-09
   40  (    2.67366E-09,   -8.11325E-09)    8.54244E-09
   41  (    2.55609E-09,   -7.93972E-09)    8.34103E-09
   42  (    2.34937E-09,   -7.92877E-09)    8.26952E-09
   43  (    1.88823E-09,   -7.87239E-09)    8.09567E-09
   44  (    1.46652E-09,   -7.68395E-09)    7.82264E-09
   45  (    1.21884E-09,   -7.40882E-09)    7.50841E-09
   46  (    8.77624E-10,   -7.12754E-09)    7.18137E-09
   47  (    7.31925E-10,   -6.88286E-09)    6.92167E-09
   48  (    1.02199E-09,   -6.53524E-09)    6.61467E-09
   49  (    1.11458E-09,   -6.12008E-09)    6.22075E-09
   50  (    1.03355E-09,   -5.73258E-09)    5.82501E-09
