! each line contains the 4 frequencies (outer loop) and 4 depths(inner loop)
!f1-d1  f1-d2   f1-d3   f1-d4   f2-d1  f2-d2   f2-d3   f2-d4    f3-d1  f3-d2   f3-d3   f3-d4   f4-d1  f4-d2   f4-d3   f4-d4   
  218   44.65   48.40   42.51   46.14   47.73   55.90   53.91   52.14   54.32   51.57   49.16   47.70   47.94   51.02   45.27   49.16
  291   43.69   45.01   49.46   45.97   53.27   49.93   52.17   53.27   51.96   46.03   49.52   50.02   46.21   51.41   49.35   46.57
  364   47.63   50.99   41.25   42.52   52.92   53.18   49.82   52.47   51.62   53.01   50.08   58.31   47.23   51.55   52.38   51.77
  437   43.65   50.39   49.93   48.34   51.53   53.73   58.70   54.07   52.44   52.24   60.07   57.01   47.26   50.45   55.37   51.08
  510   49.86   47.12   49.78   47.55   52.29   51.79   51.43   48.84   54.33   51.33   60.54   53.77   53.70   50.69   47.16   52.17
  583   48.68   54.67   45.67   48.04   51.07   50.88   58.67   57.28   57.27   65.91   53.43   50.77   48.77   47.23   55.83   51.64
  656   53.87   50.14   50.46   44.46   53.63   49.46   49.88   63.09   60.23   59.26   57.48   58.74   48.48   50.67   52.91   52.16
  729   55.29   48.99   54.82   48.55   60.33   53.21   51.44   51.20   56.07   60.11   61.20   57.84   47.27   53.67   47.77   54.76
  802   46.73   49.58   53.01   48.69   57.74   64.02   54.23   52.98   54.19   61.32   58.57   56.05   52.73   53.11   54.42   52.84
  875   47.06   49.78   52.09   60.39   59.47   66.61   57.74   56.31   59.89   59.21   54.77   62.36   55.53   52.83   54.85   52.23
  949   52.24   53.87   46.25   53.08   60.57   51.91   62.34   56.82   52.80   58.20   62.04   65.01   55.32   50.86   52.23   56.04
 1022   53.52   49.42   59.61   54.58   55.68   56.03   52.80   55.43   62.62   58.50   58.35   64.28   53.20   57.50   56.07   55.03
 1095   52.69   53.11   47.64   50.63   57.98   59.93   59.23   54.27   66.83   57.85   60.09   61.19   55.59   53.75   53.63   55.53
 1168   45.20   51.23   54.89   50.81   55.92   53.53   58.00   54.30   57.75   63.75   57.52   59.41   57.27   54.77   50.81   56.75
 1241   53.14   50.05   58.65   52.26   62.93   56.58   59.29   62.93   66.41   61.03   57.99   65.70   57.17   58.37   54.35   54.85
 1314   52.39   51.59   56.63   60.11   63.52   59.55   58.93   62.57   64.23   64.13   62.43   62.85   51.59   51.71   53.13   54.89
 1387   49.94   61.23   52.35   61.93   54.92   56.75   64.01   55.97   66.19   68.11   67.19   63.28   52.11   55.35   56.11   58.11
 1460   57.58   55.43   49.35   57.15   60.45   54.44   52.73   54.37   65.14   57.98   63.90   57.76   58.00   50.51   54.23   59.88
 1533   50.67   52.35   53.32   51.23   59.35   63.82   59.33   56.85   64.22   65.90   58.28   62.78   54.82   57.49   51.36   50.87
 1606   55.70   55.80   55.42   50.67   55.98   54.22   60.46   63.24   58.38   61.47   60.67   64.60   53.91   60.49   59.45   60.05
 1680   55.82   59.50   46.99   60.94   66.86   60.40   68.43   57.17   63.31   67.14   66.36   64.34   52.68   58.75   54.23   53.14
 1753   49.52   54.38   50.43   57.04   56.54   63.04   58.65   63.51   64.32   63.40   63.66   57.42   56.98   54.76   51.72   54.86
 1826   53.32   50.88   59.55   50.01   56.20   67.54   63.34   62.61   65.63   66.36   60.80   64.68   59.34   54.13   58.45   55.15
 1899   51.06   50.44   52.31   52.34   68.39   54.77   59.71   63.58   62.75   65.70   66.90   69.61   58.89   52.71   58.46   56.01
 1972   53.70   59.79   56.33   49.71   65.29   64.26   52.08   65.94   62.25   63.35   62.04   63.53   55.89   57.86   59.83   57.45
 2045   55.00   55.02   62.65   54.44   57.92   66.47   69.17   61.53   66.01   66.43   67.63   66.82   59.97   56.95   52.67   57.38
 2118   54.51   60.04   58.75   52.76   59.28   61.21   63.26   54.98   61.44   67.39   65.65   59.81   58.61   63.07   50.61   59.83
 2191   50.59   54.50   53.48   57.61   67.55   65.67   64.47   60.64   62.46   64.17   59.92   59.06   57.33   60.39   60.00   54.87
 2264   63.87   54.15   52.83   52.57   65.85   58.01   58.23   63.42   63.40   61.34   63.56   68.14   58.65   56.95   63.76   55.65
 2337   66.39   54.74   62.88   61.58   56.18   62.47   59.10   58.55   67.37   66.66   65.89   62.12   57.21   58.50   53.89   58.24
 2410   59.66   55.73   61.74   55.59   59.89   57.68   59.62   61.35   63.00   65.77   65.50   69.39   58.81   56.19   57.23   59.58
 2484   58.01   57.97   58.18   52.89   56.71   60.59   64.86   69.25   66.80   66.43   65.15   69.50   58.43   57.61   58.27   56.74
 2557   60.57   58.58   57.82   54.26   57.55   62.49   65.22   66.83   65.01   66.72   64.17   69.71   58.08   58.23   57.54   55.88
 2630   63.43   59.80   59.16   56.28   58.13   63.93   64.61   64.37   64.53   66.19   63.63   69.77   57.84   57.59   58.79   55.27
 2703   66.29   61.03   60.50   58.29   58.71   65.38   64.01   61.91   64.06   65.67   63.10   69.83   57.61   56.95   60.04   54.65
 2776   69.16   62.26   61.85   60.30   59.29   66.82   63.40   59.45   63.58   65.15   62.56   69.88   57.38   56.32   61.29   54.04
 2849   67.72   61.96   62.68   57.44   55.78   66.28   69.41   56.54   70.89   70.40   67.55   69.82   63.36   56.72   61.20   55.81
 2922   54.44   52.91   54.02   53.81   59.99   67.28   59.46   62.28   70.25   61.87   64.58   69.37   58.31   55.56   59.05   59.88
 2995   53.71   62.07   57.87   56.55   68.82   60.85   59.36   63.89   64.16   65.66   64.18   68.21   56.50   63.24   56.02   60.45
 3068   55.32   56.23   57.70   61.57   72.79   64.63   59.24   60.16   59.54   70.46   67.23   60.60   54.08   63.21   59.69   63.42
 3141   57.74   68.65   53.00   57.79   66.73   62.77   57.58   69.18   67.15   65.22   69.23   62.44   60.38   60.84   55.35   60.43
 3215   54.60   65.60   50.63   64.81   70.07   56.58   66.39   59.73   62.94   65.99   67.09   62.54   61.56   56.55   62.56   62.34
 3288   53.78   61.12   54.32   60.45   63.27   63.31   70.71   57.42   67.71   67.72   69.53   67.69   62.65   63.09   59.86   58.96
 3361   65.97   55.21   63.69   64.91   63.10   63.55   65.37   63.71   71.57   68.83   65.71   68.63   59.19   61.41   59.34   59.05
 3434   62.09   55.98   60.48   56.34   66.75   56.82   60.83   62.78   69.02   72.78   62.06   69.31   58.50   61.73   64.45   63.00
 3507   54.93   62.31   57.13   70.22   67.11   59.50   71.28   61.39   65.28   65.01   66.09   72.39   59.22   60.64   58.67   58.20
 3580   53.65   59.68   60.35   58.73   60.09   63.51   65.37   65.29   68.13   63.53   65.60   65.03   60.22   58.89   59.29   59.85
 3653   62.51   58.90   60.37   63.51   63.07   58.61   60.98   74.92   64.13   65.68   69.92   72.16   59.31   57.59   62.32   56.71
 3726   60.89   56.09   58.03   65.53   67.19   65.49   66.70   61.10   66.23   64.45   69.82   66.18   59.22   58.00   57.92   61.84
 3799   56.48   56.41   55.66   66.92   64.13   67.88   69.07   58.94   67.67   67.70   67.79   67.61   58.39   57.99   59.01   64.77
 3872   62.69   70.42   56.23   60.09   62.16   60.81   60.11   71.25   61.79   67.53   71.19   63.98   63.32   64.06   60.28   61.53
 3945   55.44   58.85   59.44   52.62   67.48   59.65   57.19   66.95   72.59   73.43   63.60   70.20   63.19   61.45   61.94   59.95
 4019   60.04   65.64   65.02   58.96   62.43   65.27   70.22   65.85   69.44   68.01   65.71   69.70   57.59   60.34   61.00   64.12
 4092   61.52   61.71   57.11   56.01   66.90   66.64   62.25   69.68   66.16   66.64   70.81   72.93   60.46   57.48   65.06   66.94
 4165   56.81   69.19   65.88   60.44   65.47   70.63   67.82   61.08   72.51   73.39   67.84   68.07   64.24   58.60   62.07   59.68
 4238   57.71   57.09   60.86   59.83   64.45   69.69   59.53   65.78   67.42   71.15   68.57   65.93   63.87   66.43   58.70   60.60
 4311   57.86   58.25   58.29   57.70   59.60   62.32   64.16   63.22   71.45   68.32   68.00   65.44   61.07   58.67   55.09   63.95
 4384   64.74   64.86   64.70   60.81   60.36   63.81   60.38   71.09   63.18   67.01   71.59   72.91   62.44   61.13   59.01   64.27
 4457   56.98   65.16   61.73   55.03   61.59   69.97   62.47   64.55   73.53   70.84   72.26   64.32   62.73   63.48   65.07   59.97
 4530   59.91   61.51   55.31   55.21   63.11   70.04   63.76   65.80   66.66   65.35   69.99   69.71   60.29   61.16   64.16   60.69
 4603   56.89   57.25   53.78   61.46   61.36   63.60   63.19   61.34   66.49   71.42   66.99   66.51   63.86   65.20   61.88   65.49
 4676   61.54   61.02   54.90   63.64   61.06   70.67   62.02   64.12   66.73   75.24   72.33   69.61   62.64   61.80   61.68   64.01
 4749   64.27   53.82   66.73   69.61   58.48   71.43   68.87   64.07   70.30   67.32   70.96   73.88   67.72   57.69   58.16   63.10
 4823   57.00   53.35   68.69   58.79   60.61   63.78   67.27   69.50   73.17   68.32   64.43   74.80   60.81   63.44   59.81   59.19
 4896   57.41   56.00   62.29   62.02   64.00   69.77   65.60   62.24   70.06   74.33   63.30   65.99   60.70   61.38   57.59   64.32
 4969   61.18   52.69   57.58   64.89   63.68   60.42   71.86   63.76   70.96   72.99   67.70   63.53   68.16   59.11   62.05   63.15
 5042   64.48   60.70   62.62   60.71   65.98   64.30   71.65   71.94   66.41   66.70   70.49   66.85   63.70   61.73   62.29   65.04
 5115   63.60   57.85   60.93   63.05   65.38   69.61   62.44   70.85   68.19   66.37   71.01   68.24   65.10   66.71   65.88   63.38
 5188   64.98   56.60   56.57   59.89   72.40   73.00   63.20   64.88   68.62   66.91   70.39   68.49   58.79   60.74   65.05   57.94
 5261   59.92   55.43   61.93   53.58   63.42   63.07   61.62   61.88   74.89   68.11   68.50   66.87   62.03   60.59   68.72   61.05
 5334   58.35   56.78   63.67   57.39   64.03   67.89   72.54   61.36   63.50   70.35   72.94   67.42   63.97   59.71   66.54   65.08
 5407   55.69   58.98   70.09   66.40   66.56   64.28   63.59   60.81   64.78   67.37   70.90   72.71   64.40   61.84   63.61   58.66
 5480   53.96   64.08   60.24   66.74   67.01   74.20   63.43   66.56   68.16   72.43   69.03   70.50   58.15   63.00   58.84   63.62
 5554   59.44   58.60   59.33   63.23   66.73   72.76   65.16   63.43   67.68   68.81   67.33   71.23   61.41   66.85   63.99   64.14
 5627   58.87   65.45   62.73   57.97   65.16   74.02   70.98   68.67   72.20   71.98   72.78   70.69   68.60   65.84   66.77   63.02
 5700   56.13   68.57   59.14   58.62   71.39   65.67   67.81   67.86   65.72   77.57   73.52   65.81   62.91   65.61   56.98   68.16
 5773   55.65   60.48   61.52   69.48   69.09   61.34   64.59   67.31   74.23   72.51   72.65   69.51   62.15   63.45   59.00   66.49
 5846   57.82   61.64   64.44   68.51   64.96   68.83   69.36   70.63   67.93   72.80   69.61   67.25   66.32   63.21   61.39   60.32
 5919   64.08   64.13   62.04   60.82   65.45   67.47   69.87   72.11   69.53   71.15   68.96   71.08   61.48   62.66   62.36   66.55
 5992   54.84   64.95   70.13   65.36   66.66   68.63   63.15   64.10   68.88   65.43   66.80   74.37   65.61   61.84   59.63   66.10
 6065   53.61   59.44   58.56   72.05   61.28   65.53   74.22   63.06   70.60   68.57   66.80   73.44   66.76   59.67   65.00   59.05
 6138   56.14   63.23   61.82   70.18   62.61   64.92   64.81   67.07   68.20   73.08   70.92   73.04   65.47   65.22   68.20   70.02
 6211   62.95   55.97   62.99   62.10   74.90   62.10   58.83   68.94   68.40   71.47   74.71   74.21   60.51   62.97   66.09   66.97
 6284   60.17   58.16   65.04   63.07   76.11   73.73   60.20   70.53   67.70   68.96   75.85   70.04   61.59   65.29   66.60   63.71
 6358   59.09   62.92   55.54   67.61   66.00   64.28   64.15   66.22   73.42   74.16   69.70   69.97   67.33   66.42   68.44   62.88
 6431   69.37   55.49   57.52   59.43   67.22   62.12   72.34   67.15   74.14   69.37   70.86   76.37   60.91   64.32   64.26   67.79
 6504   71.36   58.45   63.34   58.59   64.46   59.87   72.10   65.11   71.34   73.91   67.46   67.79   67.38   67.08   64.65   66.15
 6577   58.94   62.51   62.53   61.52   64.29   64.37   70.46   65.95   66.69   73.43   68.23   71.49   68.06   61.60   69.72   64.15
 6650   65.20   66.06   62.66   66.68   62.79   65.26   66.58   66.77   68.70   72.58   71.13   72.67   64.46   67.98   64.04   62.41
 6723   65.57   59.38   62.26   68.12   66.06   62.16   65.87   65.91   67.29   74.23   68.44   79.18   61.10   69.09   62.07   61.79
 6796   64.04   55.71   60.35   71.06   65.53   65.49   73.90   65.01   64.25   74.62   65.18   73.14   64.18   69.42   58.67   66.58
 6869   67.94   59.44   62.99   67.18   72.57   67.17   75.41   65.24   72.86   75.22   71.64   71.96   65.97   67.41   59.16   69.24
 6942   64.91   62.20   58.71   70.36   74.56   71.47   74.70   66.21   70.66   69.87   74.49   71.24   67.89   70.77   66.25   69.85
 7015   60.63   66.19   56.81   60.48   65.83   67.64   65.85   68.01   69.66   71.52   75.21   74.58   64.17   66.95   64.53   65.91
 7089   59.86   70.94   58.78   59.87   63.44   64.53   70.62   67.59   71.46   77.52   71.49   73.50   63.41   66.25   59.81   63.21
 7162   64.02   65.01   55.94   58.55   66.47   66.90   66.48   65.53   70.11   71.87   71.50   67.66   61.93   65.27   65.53   66.71
 7235   68.26   65.21   55.83   70.46   64.26   63.93   73.75   64.63   70.87   72.33   70.57   76.50   64.34   68.55   64.03   68.00
 7308   59.64   60.06   66.47   68.23   64.10   66.94   76.99   70.19   71.24   69.72   66.94   71.34   64.89   62.60   62.27   66.24
 7381   61.47   58.52   67.81   69.26   64.73   68.16   70.74   72.96   70.76   72.04   72.27   75.76   67.65   67.73   63.99   69.55
 7454   61.53   59.61   59.27   63.82   62.79   71.91   70.30   77.81   67.56   76.83   73.69   72.20   69.91   66.87   64.10   70.36
 7527   60.74   64.44   58.88   66.85   62.45   66.31   64.93   71.21   73.41   69.69   72.27   73.04   60.02   66.78   67.99   68.25
 7600   56.78   69.50   61.77   63.22   69.09   64.88   66.42   73.15   76.04   67.20   70.94   69.84   64.83   66.78   69.16   69.34
 7673   62.11   64.51   69.10   60.17   60.92   69.23   78.99   68.37   77.12   72.92   73.61   72.87   66.78   62.31   65.51   66.06
 7746   73.58   59.37   62.17   65.30   59.30   73.21   67.54   63.15   78.33   80.43   73.27   73.04   67.47   71.58   61.82   66.60
 7819   64.37   59.46   61.69   62.40   61.84   73.82   66.23   74.20   74.09   78.71   75.21   71.59   61.17   67.13   71.97   66.46
 7893   60.77   58.67   62.72   59.92   67.48   72.96   65.46   72.78   78.85   80.48   71.28   75.15   68.14   66.28   70.81   68.31
 7966   63.62   61.31   64.42   63.99   66.80   64.30   69.05   68.30   72.35   71.00   72.24   75.08   64.80   64.51   70.05   60.34
 8039   64.00   64.32   65.67   65.20   65.94   75.56   74.34   67.75   76.29   72.80   71.70   65.87   64.94   66.21   63.86   72.03
 8112   56.57   65.29   63.10   64.94   63.02   75.07   71.68   69.34   76.81   78.82   76.69   67.11   67.95   68.30   63.38   67.47
 8185   63.04   64.08   67.40   59.10   60.29   71.54   69.00   71.20   80.02   76.27   75.46   66.69   70.02   69.90   63.23   71.31
 8258   65.20   67.91   69.75   57.41   62.57   64.55   69.00   72.54   80.95   76.96   74.35   64.28   75.31   70.58   61.64   66.71
 8331   59.78   64.92   74.22   59.45   68.90   63.98   64.22   75.52   78.07   76.64   70.43   68.65   66.74   66.80   66.88   61.15
 8404   58.38   64.42   63.54   61.39   70.56   64.53   68.65   71.25   81.53   76.68   70.83   69.56   66.65   75.08   65.35   63.31
 8477   60.27   62.58   59.87   61.57   72.00   62.97   77.51   70.34   78.24   71.89   68.94   81.28   64.25   68.07   70.11   59.93
 8550   67.13   67.61   59.64   59.12   69.76   62.13   71.28   76.58   77.85   75.61   75.66   73.18   71.34   68.45   72.89   64.36
 8624   58.31   66.77   65.71   62.30   66.25   65.93   64.91   74.79   81.11   74.78   71.57   74.21   69.32   69.53   66.11   62.09
 8697   58.11   72.65   63.19   66.36   67.64   65.21   63.42   67.37   76.02   69.34   73.83   69.77   62.91   71.39   69.28   68.50
 8770   60.05   66.77   60.82   63.90   76.72   68.47   63.87   67.83   73.66   72.47   81.43   72.49   62.03   68.26   74.92   65.93
 8843   66.85   63.33   62.27   61.45   71.53   66.69   70.99   64.57   81.18   69.20   78.38   73.40   65.36   66.54   74.12   62.09
 8916   67.75   65.07   67.36   61.72   74.72   69.80   69.59   67.85   79.37   71.43   73.48   69.36   71.28   74.97   72.22   71.32
 8989   60.29   62.44   64.97   69.31   75.72   67.18   65.83   72.98   76.72   72.48   74.80   74.50   72.09   72.71   73.96   71.05
 9062   60.08   59.92   60.32   72.19   71.57   63.92   65.35   70.87   73.96   74.64   73.62   75.38   73.11   70.80   68.71   71.52
 9135   63.91   63.16   63.26   70.98   74.43   71.10   77.88   72.81   69.74   74.49   73.70   77.24   74.74   69.97   63.93   75.90
 9208   70.08   63.85   63.84   62.01   74.24   66.97   69.47   79.28   69.01   76.30   79.65   71.65   73.51   68.23   64.52   71.13
 9281   61.73   63.00   66.51   63.04   68.74   64.42   67.00   74.36   71.90   79.24   75.29   74.17   65.96   75.14   71.57   66.70
 9354   58.77   61.95   68.79   65.37   75.33   64.33   74.21   79.20   68.39   76.07   77.85   68.60   66.62   72.25   71.47   66.32
 9428   58.79   59.48   70.88   69.36   70.40   81.16   67.81   74.81   71.61   76.92   75.89   69.51   68.40   68.47   64.96   66.32
 9501   67.49   57.13   66.98   69.53   66.05   71.40   62.92   77.13   79.10   79.00   79.65   72.85   72.18   67.75   76.83   74.49
 9574   72.66   57.22   62.59   64.82   69.84   72.17   68.32   70.29   77.47   68.33   77.83   73.54   67.75   60.51   72.13   77.74
 9647   64.10   63.12   58.27   67.30   83.67   78.09   67.33   70.45   77.33   68.53   72.34   70.48   68.54   66.27   62.86   75.18
 9720   65.42   71.76   58.95   73.08   81.09   73.89   64.19   67.94   81.79   74.74   68.77   71.49   67.59   68.68   66.57   70.29
 9793   69.17   66.88   62.60   62.84   75.25   73.80   64.57   70.01   75.11   79.81   69.96   76.40   70.43   70.76   63.74   71.23
 9866   70.84   68.46   65.48   59.86   71.06   72.94   66.54   73.36   74.47   75.99   70.93   71.47   76.50   78.22   61.82   75.38
 9939   65.52   70.88   67.01   61.21   66.70   74.33   72.71   73.18   77.06   73.62   74.82   74.54   75.64   73.77   73.97   76.98
10012   62.85   66.50   71.41   69.91   68.61   72.14   72.71   72.79   73.17   73.44   79.04   78.26   68.95   66.23   69.46   71.28
10085   63.30   66.39   65.33   66.10   79.10   68.58   71.31   73.83   77.63   69.83   79.23   77.50   74.69   65.27   64.98   72.14
10159   73.17   64.82   61.20   62.02   81.06   70.59   68.97   73.74   77.43   71.64   78.71   78.20   69.35   75.74   76.63   71.99
10232   64.24   67.49   62.53   63.94   70.13   78.87   68.96   70.26   73.70   78.72   73.93   77.29   76.45   69.94   68.95   65.67
10305   65.02   69.19   64.32   69.17   67.67   75.31   69.83   75.47   72.44   71.16   77.93   71.17   72.36   74.37   67.51   63.36
10378   65.23   67.80   72.95   61.02   65.74   77.13   71.61   68.49   74.56   75.42   76.08   78.69   71.71   72.04   67.98   73.40
10451   71.44   65.12   67.95   58.15   71.37   76.45   75.10   67.41   75.83   72.46   78.04   74.73   71.34   65.56   72.58   75.08
10524   65.39   70.19   64.74   61.13   73.54   68.47   70.81   69.92   74.71   77.43   73.13   74.60   73.77   71.03   65.52   67.44
10597   63.56   72.84   65.31   64.77   72.98   65.44   67.59   81.08   77.96   77.83   77.67   78.12   73.94   71.95   64.28   68.81
10670   65.29   67.38   66.61   67.24   68.10   68.57   66.14   76.14   80.97   77.29   77.00   74.39   67.17   73.15   62.85   68.85
10743   67.20   73.36   65.58   68.82   65.68   66.89   69.85   72.89   78.36   74.21   76.13   75.50   68.87   76.43   64.40   75.02
10816   68.53   71.58   67.78   62.88   68.48   64.34   75.60   66.43   82.83   76.42   77.93   81.89   75.76   67.43   64.45   76.01
10889   64.16   70.95   71.63   59.57   78.96   67.67   76.07   71.14   75.57   71.22   71.04   76.18   75.61   64.55   65.21   74.44
10963   63.15   71.48   72.30   59.61   68.28   77.01   69.88   80.56   82.17   70.49   72.30   71.91   65.88   68.05   66.92   68.14
11036   65.95   70.29   65.71   60.89   65.37   73.34   67.71   75.11   75.38   73.54   74.74   72.78   67.24   69.26   66.47   75.06
11109   68.23   64.18   66.54   63.92   66.74   70.88   72.69   67.04   73.69   75.99   77.78   77.61   66.95   68.50   65.16   76.59
11182   66.27   64.86   64.44   71.17   76.07   73.01   78.57   66.06   76.32   71.73   79.63   76.31   73.03   68.85   65.67   71.73
11255   66.99   63.93   60.29   62.63   68.08   83.27   76.80   64.56   75.61   71.56   79.00   75.52   68.89   66.01   65.08   77.66
11328   68.41   66.38   62.50   64.23   68.89   83.09   82.93   65.37   78.58   75.27   82.51   76.89   72.03   67.10   65.73   76.51
11401   64.97   65.66   64.80   69.65   67.49   81.86   73.70   74.74   78.39   77.21   79.01   77.40   70.96   67.59   74.38   75.71
11474   63.72   71.48   70.27   68.24   66.13   75.08   70.09   77.43   75.13   75.54   80.96   84.24   73.75   66.94   70.64   73.67
11547   68.20   70.57   66.62   63.45   68.92   82.35   72.40   67.01   76.18   80.67   80.04   74.64   77.76   63.86   67.87   69.63
11620   72.00   71.07   66.03   62.21   70.63   79.63   72.12   68.94   77.39   77.68   75.80   73.03   70.50   72.02   70.37   67.75
11694   71.28   75.03   64.30   67.68   65.20   77.41   75.99   76.12   79.93   75.63   76.66   75.03   71.95   68.78   69.89   66.43
11767   67.25   74.53   59.94   71.00   65.38   74.15   74.74   73.97   75.71   72.91   73.66   74.10   75.46   67.82   64.83   64.44
11840   64.95   66.48   59.32   74.29   68.47   70.80   70.86   72.51   74.21   74.11   74.93   76.97   71.64   71.29   70.16   64.26
11913   67.40   65.10   61.74   71.36   67.89   71.72   68.29   73.52   71.66   79.48   78.06   78.29   68.19   72.90   73.75   69.72
11986   69.78   62.45   68.02   65.09   71.36   74.02   70.37   66.87   73.62   76.27   73.62   71.79   72.52   72.11   74.32   66.70
12059   61.94   61.59   70.83   63.83   78.10   68.02   72.30   66.44   73.05   79.59   75.25   74.92   73.67   70.80   71.94   71.99
12132   60.24   64.78   70.64   65.68   68.85   68.90   72.62   71.67   75.90   79.52   74.12   75.80   66.92   70.36   68.66   75.46
12205   60.73   66.36   74.26   69.85   65.26   71.50   72.41   74.79   83.47   79.25   74.19   72.86   68.24   67.14   72.00   68.53
12278   69.01   67.47   68.16   71.93   67.45   68.97   65.53   75.25   81.97   82.00   78.53   77.54   66.31   67.59   69.73   73.70
12351   70.78   69.45   66.13   66.60   71.61   67.54   63.90   74.98   77.63   78.08   76.61   71.78   67.66   73.62   66.04   77.31
12424   60.71   70.93   63.21   67.29   75.47   72.27   67.77   75.15   80.93   74.21   73.21   73.41   67.54   75.29   66.92   77.76
12498   61.16   69.99   70.04   63.57   81.59   72.60   79.44   78.20   73.37   75.93   73.91   72.22   67.61   76.54   74.55   70.81
12571   64.94   64.59   71.46   59.77   72.96   67.32   71.36   71.88   73.94   71.47   79.34   77.30   65.98   66.73   70.55   70.85
12644   65.65   66.44   69.92   60.12   67.97   67.74   72.40   70.52   72.70   72.80   79.15   76.65   66.63   70.69   66.40   71.03
12717   61.64   73.75   66.84   62.59   66.40   69.15   73.20   71.10   71.12   78.93   81.50   78.70   63.79   71.50   69.90   75.96
12790   61.15   65.27   68.06   69.63   68.43   66.85   68.68   76.18   71.04   80.25   79.99   73.54   64.93   76.75   75.11   75.92
12863   63.97   64.39   67.96   63.59   72.14   65.17   68.77   76.61   72.44   76.52   78.53   72.76   70.35   69.11   73.28   72.53
12936   66.36   61.68   63.88   61.45   78.05   64.88   73.38   81.38   73.91   76.75   78.55   77.60   70.99   70.03   76.93   74.15
13009   65.48   62.31   64.64   61.94   73.07   66.96   67.14   76.57   77.09   81.82   80.39   80.95   71.97   66.10   76.32   73.06
13082   66.92   64.04   68.29   63.65   73.03   71.28   65.66   73.93   81.80   76.36   77.35   73.30   71.61   65.13   76.60   71.76
13155   69.67   64.88   72.75   61.44   69.64   75.06   64.59   79.73   82.89   76.82   76.38   71.31   72.73   67.64   71.13   69.62
13228   73.77   66.39   72.86   61.07   69.88   80.10   66.89   73.70   78.71   75.89   77.33   77.72   74.93   74.48   69.11   76.07
13302   70.03   69.35   73.38   62.87   78.71   79.30   67.31   68.77   75.97   79.15   74.43   75.08   73.23   75.77   68.18   70.26
13375   68.32   69.43   67.84   67.73   74.97   80.06   70.10   69.70   78.09   79.17   74.35   73.85   70.13   73.45   71.93   72.10
13448   69.03   66.50   66.38   69.34   68.73   79.18   69.55   71.58   76.53   80.50   78.30   72.21   71.90   66.69   74.12   69.70
13521   68.34   63.04   66.17   64.87   67.13   73.92   72.13   72.32   82.22   81.68   78.41   70.35   76.33   64.85   75.97   67.80
13594   70.76   63.99   68.60   65.48   69.22   74.19   75.74   73.05   76.28   80.49   80.35   68.99   68.60   67.25   75.35   69.86
13667   70.76   63.84   68.30   70.74   69.83   76.26   79.10   75.33   79.81   82.64   81.52   69.32   66.75   67.96   74.46   72.39
13740   68.68   64.21   66.40   68.34   71.95   74.37   74.85   79.78   80.87   81.20   80.52   77.75   69.11   71.68   75.37   75.57
13813   65.61   70.18   66.45   64.74   72.70   78.84   69.94   74.64   80.52   81.39   80.32   76.61   80.05   73.28   79.93   70.45
13886   64.40   69.52   67.05   67.14   70.05   74.81   67.23   73.72   79.68   78.13   78.77   75.63   72.62   67.78   75.98   78.96
13959   67.95   74.01   68.67   69.38   66.28   77.57   69.22   77.60   76.47   80.48   79.27   82.88   72.64   66.81   73.63   71.13
14033   71.31   72.48   65.33   72.31   70.08   77.04   72.68   74.31   72.49   77.83   73.73   81.13   72.51   71.11   75.02   74.39
14106   64.23   68.87   65.18   69.15   74.89   72.39   83.54   69.05   74.45   78.88   75.62   76.87   79.81   72.64   68.91   77.57
14179   64.11   67.57   70.18   71.38   71.96   71.07   73.80   69.38   74.11   76.94   82.60   76.66   76.03   69.88   66.88   73.60
14252   69.09   68.01   72.87   67.52   69.76   73.86   69.62   70.28   76.10   74.32   82.68   78.36   67.99   78.44   74.40   68.90
14325   67.41   75.22   65.41   63.91   66.69   79.64   70.03   78.20   77.55   72.19   81.82   78.44   70.09   80.64   72.41   69.82
14398   64.13   73.58   62.10   63.59   64.33   71.44   76.33   77.58   73.55   74.05   79.01   82.18   74.95   72.41   73.06   65.66
14471   65.69   73.31   62.34   65.68   67.13   71.00   82.21   78.24   73.35   76.84   80.46   81.71   73.30   75.79   75.99   67.89
14544   71.04   74.44   62.64   71.23   75.90   77.16   80.71   77.45   73.89   79.08   78.98   82.77   74.55   70.73   72.55   68.98
14617   68.31   70.19   62.73   68.65   72.85   74.42   73.38   80.97   77.86   81.98   75.61   81.38   72.33   70.05   69.51   70.23
14690   66.27   65.72   63.25   67.32   67.79   73.29   74.24   76.50   83.78   80.73   74.14   81.38   75.29   78.80   74.08   78.57
14763   70.03   64.66   63.66   68.05   66.93   75.25   82.22   71.69   78.11   76.12   77.27   77.41   69.39   82.47   70.08   71.60
14837   68.74   67.37   70.27   73.05   69.49   76.45   76.15   68.32   75.75   76.91   80.36   77.68   73.73   76.43   71.95   67.20
14910   65.67   66.51   70.50   71.13   73.77   74.93   72.16   69.43   73.07   82.58   80.08   77.09   73.62   74.33   75.90   66.95
14983   62.84   71.64   67.27   71.19   73.27   76.17   75.81   72.47   75.71   79.40   79.13   72.82   72.17   76.13   69.24   68.32
15056   65.31   72.53   67.53   73.09   70.11   72.87   74.01   73.59   75.81   75.97   78.03   74.08   72.56   73.79   73.06   68.39
15129   67.19   71.85   66.44   70.54   67.60   73.90   77.55   77.38   78.59   75.55   75.14   80.36   71.19   76.55   74.57   69.72
15202   67.70   67.89   68.40   66.02   68.82   82.02   73.14   76.16   78.63   75.64   75.12   81.38   68.95   70.66   70.39   69.41
15275   64.86   67.82   66.17   63.85   71.50   85.42   70.50   76.72   80.64   76.19   79.77   77.49   72.83   72.06   70.94   69.70
15348   62.81   69.71   66.62   64.24   70.82   76.27   70.87   83.19   82.14   76.38   81.83   76.11   80.13   71.38   69.81   76.59
15421   63.44   69.91   67.58   65.34   70.89   73.04   72.97   76.69   80.18   83.12   80.44   81.03   71.98   70.89   68.27   72.24
15494   65.49   72.57   69.58   66.04   70.23   69.77   75.56   72.10   74.48   79.19   76.66   74.68   72.03   70.35   68.77   74.70
15568   67.86   75.47   68.78   65.52   72.13   69.71   75.71   71.56   73.25   76.65   76.59   76.17   78.84   72.91   70.22   77.39
15641   66.11   70.29   69.71   64.66   75.09   72.01   80.80   74.63   72.56   76.33   79.76   74.93   74.73   74.53   71.96   77.05
15714   65.76   66.47   73.08   65.04   76.98   72.37   75.86   75.72   73.27   81.19   79.16   72.25   73.73   76.42   77.15   77.51
15787   66.56   67.44   71.69   64.57   74.54   70.61   76.49   78.27   76.28   81.72   80.08   73.06   72.67   72.79   77.02   77.49
15860   73.27   69.35   70.51   64.07   74.90   71.28   73.47   77.93   82.31   79.99   79.08   74.59   69.64   71.85   75.30   71.75
15933   71.05   69.44   71.57   64.03   76.96   73.33   72.47   75.20   83.18   76.93   77.09   80.91   73.56   78.18   75.33   78.19
16006   67.48   72.96   69.94   65.53   78.01   72.98   67.91   71.47   75.18   79.76   77.28   74.89   70.22   71.63   78.50   76.89
16079   67.26   70.23   67.19   65.77   80.92   74.93   70.34   72.60   74.94   79.41   76.89   77.28   73.23   70.29   75.46   75.95
16152   71.23   66.83   66.33   65.73   76.62   74.40   71.89   74.56   76.30   82.41   76.34   79.01   79.03   76.10   72.75   77.05
16225   72.44   63.62   68.05   67.68   73.48   74.74   80.74   71.83   76.63   82.21   78.28   78.61   79.64   75.73   72.60   71.83
16298   73.15   64.12   69.94   71.31   74.96   72.46   77.73   70.68   80.52   78.33   81.02   76.08   74.26   70.98   72.45   79.40
16372   71.71   65.87   74.41   74.79   76.83   72.05   74.39   69.68   81.01   77.75   80.72   75.10   75.39   71.28   70.70   81.87
16445   68.04   66.06   70.89   70.18   79.10   68.94   73.13   72.95   81.07   76.26   78.15   74.83   74.98   70.40   70.87   79.58
16518   67.13   66.50   68.12   68.03   78.45   70.04   77.32   73.95   84.15   78.49   77.54   74.50   71.31   74.11   75.19   79.47
16591   68.54   65.54   67.13   70.77   78.38   73.86   77.88   71.22   83.47   82.91   75.06   78.90   71.78   71.96   69.94   78.09
16664   69.49   68.52   65.94   71.96   80.31   75.82   74.78   68.22   79.58   83.43   79.11   78.43   76.94   73.01   70.08   74.95
16737   66.93   73.12   68.05   68.72   75.99   76.66   75.04   67.45   78.39   82.75   79.00   84.23   73.90   70.41   75.82   72.28
16810   65.86   70.29   66.74   67.64   74.76   83.97   72.08   67.48   78.45   82.86   81.64   77.27   78.29   70.36   74.69   73.33
16883   67.92   69.71   70.03   67.55   75.62   80.95   74.36   68.05   77.38   81.48   80.71   75.53   73.78   75.04   72.89   72.00
16956   67.23   68.89   72.06   67.48   74.93   79.75   76.74   69.10   81.02   83.87   79.40   73.58   77.68   78.03   75.00   71.54
17029   66.38   69.94   71.63   65.14   75.24   78.57   77.79   68.61   82.93   83.98   80.47   72.45   75.63   79.58   76.15   69.69
17103   63.99   73.06   69.76   64.99   77.23   82.36   74.29   66.58   84.80   79.17   82.71   73.14   70.08   68.61   72.22   71.11
