TPEM optimizing for the tri-linear profiles (fig 6)
 A W D N  p         ! options 

  1000  64  10		! niter, q, npop
  0.8 0.5 0.05		! px,pu,pm
c                 ! tpem options
2850. 2850  1   : Fmin Fmax nfreq, Frequency in MHz (100 to 20000)
0               : Field type ( 1:complex field, 0:magnitude )
30.78           	: Transmitter height in meters
2             	: Ant pattern(0=Omni, Gaussian, Sin(x)/x, Csc-Sq, Ht-finder)
0.4            	: Beamwidth in degrees (full 3 dB to 3 dB width)
0             	: Elevation angle in degrees
1          	: Maximum receiver height in meters
10800 60000.          : Maximum receiver range in meters
83  1         	: Number of range, height points to output

 -300            znoise
5               number of clutter points
30000 40000 50000 60000 70000 80000 90000   x coordiate +2 
0 0 0 0 0       clutter points

 32.000000   101.000000 
 0.000000    
 0.000000   333.780000 
 0.074585   330.000000 
 0.236372   329.320000 
 0.447416   328.950000 
 0.692567   328.720000 
 0.963808   328.550000 
 1.256050   328.430000 
 1.565971   328.330000 
 1.891040   328.260000 
 2.229429   328.200000 
 2.579675   328.150000 
 2.940619   328.120000 
 3.311286   328.090000 
 3.690854   328.070000 
 4.078681   328.060000 
 4.474159   328.050000 
 4.876800   328.050000 
 5.187635   327.990000 
 5.327782   327.970000 
 5.390205   327.950000 
 5.498440   327.930000 
 6.060674   327.830000 
 6.120079   327.810000 
 7.010400   327.640000 
 7.244517   327.520000 
 9.612234   326.300000 
 9.952604   326.120000 
 14.337121   323.850000 
 15.759135   323.120000 
 15.849600   323.070000 
 19.675053   320.410000 
 25.298400   316.510000 
 29.870400   315.220000 
 29.895119   315.200000 
 31.035163   314.210000 
 31.394400   313.900000 
 34.747200   309.730000 
 35.416571   309.300000 
 35.834909   309.040000 
 36.253278   308.770000 
 36.378612   308.690000 
 36.870528   308.380000 
 36.880800   308.380000 
 40.594849   308.640000 
 47.946625   309.150000 
 51.206400   309.380000 
 56.201737   309.990000 
 57.098855   310.100000 
 57.664289   310.170000 
 59.842390   310.430000 
 61.076891   310.590000 
 62.274541   310.730000 
 62.996735   310.820000 
 63.351979   310.860000 
 64.617600   311.020000 
 65.464548   310.980000 
 67.360800   310.880000 
 67.450228   310.870000 
 69.240410   310.560000 
 71.010140   310.250000 
 71.383733   310.190000 
 73.039956   309.900000 
 76.352400   309.330000 
 76.504800   309.300000 
 81.381600   310.050000 
 81.432410   310.020000 
 85.039200   308.180000 
 85.554007   308.060000 
 86.004410   307.960000 
 86.258400   307.900000 
 87.477600   308.180000 
 87.771793   308.370000 
 90.220800   309.960000 
 91.744800   310.420000 
 93.845055   309.810000 
 96.275347   309.100000 
 97.231200   308.820000 
 98.340855   308.790000 
 99.073442   308.770000 
 104.241600   308.650000 
 116.433600   309.520000 
 123.424828   310.480000 
 127.704860   311.070000 
 128.625600   311.200000 
 130.409960   311.150000 
 135.594700   311.010000 
 135.594730   311.010000 
 138.074400   310.940000 
 161.038123   315.170000 
 170.688000   316.950000 
 175.071481   317.440000 
 175.275819   317.460000 
 186.742974   318.740000 
 199.948800   320.220000 
 201.914638   320.510000 
 209.599286   321.660000 
 255.117600   328.420000 
 282.549600   331.760000 
 297.180000   333.980000 
 303.580800   334.470000 
 304.800000   334.670000 
    
 3704.000000    
 0.000000   333.780000 
 0.074585   330.000000 
 0.236372   329.320000 
 0.447416   328.950000 
 0.692567   328.720000 
 0.963808   328.550000 
 1.256050   328.430000 
 1.565971   328.330000 
 1.891040   328.260000 
 2.229429   328.200000 
 2.579675   328.150000 
 2.940619   328.120000 
 3.311286   328.090000 
 3.690854   328.070000 
 4.078681   328.060000 
 4.474159   328.050000 
 4.876800   328.050000 
 5.187635   327.990000 
 5.327782   327.970000 
 5.390205   327.950000 
 5.498440   327.930000 
 6.060674   327.830000 
 6.120079   327.810000 
 7.010400   327.640000 
 7.244517   327.520000 
 9.612234   326.300000 
 9.952604   326.120000 
 14.337121   323.850000 
 15.759135   323.120000 
 15.849600   323.070000 
 19.675053   320.410000 
 25.298400   316.510000 
 29.870400   315.220000 
 29.895119   315.200000 
 31.035163   314.210000 
 31.394400   313.900000 
 34.747200   309.730000 
 35.416571   309.300000 
 35.834909   309.040000 
 36.253278   308.770000 
 36.378612   308.690000 
 36.870528   308.380000 
 36.880800   308.380000 
 40.594849   308.640000 
 47.946625   309.150000 
 51.206400   309.380000 
 56.201737   309.990000 
 57.098855   310.100000 
 57.664289   310.170000 
 59.842390   310.430000 
 61.076891   310.590000 
 62.274541   310.730000 
 62.996735   310.820000 
 63.351979   310.860000 
 64.617600   311.020000 
 65.464548   310.980000 
 67.360800   310.880000 
 67.450228   310.870000 
 69.240410   310.560000 
 71.010140   310.250000 
 71.383733   310.190000 
 73.039956   309.900000 
 76.352400   309.330000 
 76.504800   309.300000 
 81.381600   310.050000 
 81.432410   310.020000 
 85.039200   308.180000 
 85.554007   308.060000 
 86.004410   307.960000 
 86.258400   307.900000 
 87.477600   308.180000 
 87.771793   308.370000 
 90.220800   309.960000 
 91.744800   310.420000 
 93.845055   309.810000 
 96.275347   309.100000 
 97.231200   308.820000 
 98.340855   308.790000 
 99.073442   308.770000 
 104.241600   308.650000 
 116.433600   309.520000 
 123.424828   310.480000 
 127.704860   311.070000 
 128.625600   311.200000 
 130.409960   311.150000 
 135.594700   311.010000 
 135.594730   311.010000 
 138.074400   310.940000 
 161.038123   315.170000 
 170.688000   316.950000 
 175.071481   317.440000 
 175.275819   317.460000 
 186.742974   318.740000 
 199.948800   320.220000 
 201.914638   320.510000 
 209.599286   321.660000 
 255.117600   328.420000 
 282.549600   331.760000 
 297.180000   333.980000 
 303.580800   334.470000 
 304.800000   334.670000 
    
 5556.000000    
 0.000000   333.780000 
 0.074585   330.000000 
 0.236372   329.320000 
 0.447416   328.950000 
 0.692567   328.720000 
 0.963808   328.550000 
 1.256050   328.430000 
 1.565971   328.330000 
 1.891040   328.260000 
 2.229429   328.200000 
 2.579675   328.150000 
 2.940619   328.120000 
 3.311286   328.090000 
 3.690854   328.070000 
 4.078681   328.060000 
 4.474159   328.050000 
 4.876800   328.050000 
 5.187635   327.990000 
 5.327782   327.970000 
 5.390205   327.950000 
 5.498440   327.930000 
 6.060674   327.830000 
 6.120079   327.810000 
 7.010400   327.640000 
 7.244517   327.520000 
 9.612234   326.300000 
 9.952604   326.120000 
 14.337121   323.850000 
 15.759135   323.120000 
 15.849600   323.070000 
 19.675053   320.410000 
 25.298400   316.510000 
 29.870400   315.220000 
 29.895119   315.200000 
 31.035163   314.210000 
 31.394400   313.900000 
 34.747200   309.730000 
 35.416571   309.300000 
 35.834909   309.040000 
 36.253278   308.770000 
 36.378612   308.690000 
 36.870528   308.380000 
 36.880800   308.380000 
 40.594849   308.640000 
 47.946625   309.150000 
 51.206400   309.380000 
 56.201737   309.990000 
 57.098855   310.100000 
 57.664289   310.170000 
 59.842390   310.430000 
 61.076891   310.590000 
 62.274541   310.730000 
 62.996735   310.820000 
 63.351979   310.860000 
 64.617600   311.020000 
 65.464548   310.980000 
 67.360800   310.880000 
 67.450228   310.870000 
 69.240410   310.560000 
 71.010140   310.250000 
 71.383733   310.190000 
 73.039956   309.900000 
 76.352400   309.330000 
 76.504800   309.300000 
 81.381600   310.050000 
 81.432410   310.020000 
 85.039200   308.180000 
 85.554007   308.060000 
 86.004410   307.960000 
 86.258400   307.900000 
 87.477600   308.180000 
 87.771793   308.370000 
 90.220800   309.960000 
 91.744800   310.420000 
 93.845055   309.810000 
 96.275347   309.100000 
 97.231200   308.820000 
 98.340855   308.790000 
 99.073442   308.770000 
 104.241600   308.650000 
 116.433600   309.520000 
 123.424828   310.480000 
 127.704860   311.070000 
 128.625600   311.200000 
 130.409960   311.150000 
 135.594700   311.010000 
 135.594730   311.010000 
 138.074400   310.940000 
 161.038123   315.170000 
 170.688000   316.950000 
 175.071481   317.440000 
 175.275819   317.460000 
 186.742974   318.740000 
 199.948800   320.220000 
 201.914638   320.510000 
 209.599286   321.660000 
 255.117600   328.420000 
 282.549600   331.760000 
 297.180000   333.980000 
 303.580800   334.470000 
 304.800000   334.670000 
    
 7408.000000    
 0.000000   333.780000 
 0.074585   330.000000 
 0.236372   329.320000 
 0.447416   328.950000 
 0.692567   328.720000 
 0.963808   328.550000 
 1.256050   328.430000 
 1.565971   328.330000 
 1.891040   328.260000 
 2.229429   328.200000 
 2.579675   328.150000 
 2.940619   328.120000 
 3.311286   328.090000 
 3.690854   328.070000 
 4.078681   328.060000 
 4.474159   328.050000 
 4.876800   328.050000 
 5.187635   327.990000 
 5.327782   327.970000 
 5.390205   327.950000 
 5.498440   327.930000 
 6.060674   327.830000 
 6.120079   327.810000 
 7.010400   327.640000 
 7.244517   327.520000 
 9.612234   326.300000 
 9.952604   326.120000 
 14.337121   323.850000 
 15.759135   323.120000 
 15.849600   323.070000 
 19.675053   320.410000 
 25.298400   316.510000 
 29.870400   315.220000 
 29.895119   315.200000 
 31.035163   314.210000 
 31.394400   313.900000 
 34.747200   309.730000 
 35.416571   309.300000 
 35.834909   309.040000 
 36.253278   308.770000 
 36.378612   308.690000 
 36.870528   308.380000 
 36.880800   308.380000 
 40.594849   308.640000 
 47.946625   309.150000 
 51.206400   309.380000 
 56.201737   309.990000 
 57.098855   310.100000 
 57.664289   310.170000 
 59.842390   310.430000 
 61.076891   310.590000 
 62.274541   310.730000 
 62.996735   310.820000 
 63.351979   310.860000 
 64.617600   311.020000 
 65.464548   310.980000 
 67.360800   310.880000 
 67.450228   310.870000 
 69.240410   310.560000 
 71.010140   310.250000 
 71.383733   310.190000 
 73.039956   309.900000 
 76.352400   309.330000 
 76.504800   309.300000 
 81.381600   310.050000 
 81.432410   310.020000 
 85.039200   308.180000 
 85.554007   308.060000 
 86.004410   307.960000 
 86.258400   307.900000 
 87.477600   308.180000 
 87.771793   308.370000 
 90.220800   309.960000 
 91.744800   310.420000 
 93.845055   309.810000 
 96.275347   309.100000 
 97.231200   308.820000 
 98.340855   308.790000 
 99.073442   308.770000 
 104.241600   308.650000 
 116.433600   309.520000 
 123.424828   310.480000 
 127.704860   311.070000 
 128.625600   311.200000 
 130.409960   311.150000 
 135.594700   311.010000 
 135.594730   311.010000 
 138.074400   310.940000 
 161.038123   315.170000 
 170.688000   316.950000 
 175.071481   317.440000 
 175.275819   317.460000 
 186.742974   318.740000 
 199.948800   320.220000 
 201.914638   320.510000 
 209.599286   321.660000 
 255.117600   328.420000 
 282.549600   331.760000 
 297.180000   333.980000 
 303.580800   334.470000 
 304.800000   334.670000 
    
 9260.000000    
 0.000000   333.780000 
 0.074585   330.000000 
 0.236372   329.320000 
 0.447416   328.950000 
 0.692567   328.720000 
 0.963808   328.550000 
 1.256050   328.430000 
 1.565971   328.330000 
 1.891040   328.260000 
 2.229429   328.200000 
 2.579675   328.150000 
 2.940619   328.120000 
 3.311286   328.090000 
 3.690854   328.070000 
 4.078681   328.060000 
 4.474159   328.050000 
 4.876800   328.050000 
 5.187635   327.990000 
 5.327782   327.970000 
 5.390205   327.950000 
 5.498440   327.930000 
 6.060674   327.830000 
 6.120079   327.810000 
 7.010400   327.640000 
 7.244517   327.520000 
 9.612234   326.300000 
 9.952604   326.120000 
 14.337121   323.850000 
 15.759135   323.120000 
 15.849600   323.070000 
 19.675053   320.410000 
 25.298400   316.510000 
 29.870400   315.220000 
 29.895119   315.200000 
 31.035163   314.210000 
 31.394400   313.900000 
 34.747200   309.730000 
 35.416571   309.300000 
 35.834909   309.040000 
 36.253278   308.770000 
 36.378612   308.690000 
 36.870528   308.380000 
 36.880800   308.380000 
 40.594849   308.640000 
 47.946625   309.150000 
 51.206400   309.380000 
 56.201737   309.990000 
 57.098855   310.100000 
 57.664289   310.170000 
 59.842390   310.430000 
 61.076891   310.590000 
 62.274541   310.730000 
 62.996735   310.820000 
 63.351979   310.860000 
 64.617600   311.020000 
 65.464548   310.980000 
 67.360800   310.880000 
 67.450228   310.870000 
 69.240410   310.560000 
 71.010140   310.250000 
 71.383733   310.190000 
 73.039956   309.900000 
 76.352400   309.330000 
 76.504800   309.300000 
 81.381600   310.050000 
 81.432410   310.020000 
 85.039200   308.180000 
 85.554007   308.060000 
 86.004410   307.960000 
 86.258400   307.900000 
 87.477600   308.180000 
 87.771793   308.370000 
 90.220800   309.960000 
 91.744800   310.420000 
 93.845055   309.810000 
 96.275347   309.100000 
 97.231200   308.820000 
 98.340855   308.790000 
 99.073442   308.770000 
 104.241600   308.650000 
 116.433600   309.520000 
 123.424828   310.480000 
 127.704860   311.070000 
 128.625600   311.200000 
 130.409960   311.150000 
 135.594700   311.010000 
 135.594730   311.010000 
 138.074400   310.940000 
 161.038123   315.170000 
 170.688000   316.950000 
 175.071481   317.440000 
 175.275819   317.460000 
 186.742974   318.740000 
 199.948800   320.220000 
 201.914638   320.510000 
 209.599286   321.660000 
 255.117600   328.420000 
 282.549600   331.760000 
 297.180000   333.980000 
 303.580800   334.470000 
 304.800000   334.670000 
    
 11112.000000    
 0.000000   333.780000 
 0.074585   330.000000 
 0.236372   329.320000 
 0.447416   328.950000 
 0.692567   328.720000 
 0.963808   328.550000 
 1.256050   328.430000 
 1.565971   328.330000 
 1.891040   328.260000 
 2.229429   328.200000 
 2.579675   328.150000 
 2.940619   328.120000 
 3.311286   328.090000 
 3.690854   328.070000 
 4.078681   328.060000 
 4.474159   328.050000 
 4.876800   328.050000 
 5.187635   327.990000 
 5.327782   327.970000 
 5.390205   327.950000 
 5.498440   327.930000 
 6.060674   327.830000 
 6.120079   327.810000 
 7.010400   327.640000 
 7.244517   327.520000 
 9.612234   326.300000 
 9.952604   326.120000 
 14.337121   323.850000 
 15.759135   323.120000 
 15.849600   323.070000 
 19.675053   320.410000 
 25.298400   316.510000 
 29.870400   315.220000 
 29.895119   315.200000 
 31.035163   314.210000 
 31.394400   313.900000 
 34.747200   309.730000 
 35.416571   309.300000 
 35.834909   309.040000 
 36.253278   308.770000 
 36.378612   308.690000 
 36.870528   308.380000 
 36.880800   308.380000 
 40.594849   308.640000 
 47.946625   309.150000 
 51.206400   309.380000 
 56.201737   309.990000 
 57.098855   310.100000 
 57.664289   310.170000 
 59.842390   310.430000 
 61.076891   310.590000 
 62.274541   310.730000 
 62.996735   310.820000 
 63.351979   310.860000 
 64.617600   311.020000 
 65.464548   310.980000 
 67.360800   310.880000 
 67.450228   310.870000 
 69.240410   310.560000 
 71.010140   310.250000 
 71.383733   310.190000 
 73.039956   309.900000 
 76.352400   309.330000 
 76.504800   309.300000 
 81.381600   310.050000 
 81.432410   310.020000 
 85.039200   308.180000 
 85.554007   308.060000 
 86.004410   307.960000 
 86.258400   307.900000 
 87.477600   308.180000 
 87.771793   308.370000 
 90.220800   309.960000 
 91.744800   310.420000 
 93.845055   309.810000 
 96.275347   309.100000 
 97.231200   308.820000 
 98.340855   308.790000 
 99.073442   308.770000 
 104.241600   308.650000 
 116.433600   309.520000 
 123.424828   310.480000 
 127.704860   311.070000 
 128.625600   311.200000 
 130.409960   311.150000 
 135.594700   311.010000 
 135.594730   311.010000 
 138.074400   310.940000 
 161.038123   315.170000 
 170.688000   316.950000 
 175.071481   317.440000 
 175.275819   317.460000 
 186.742974   318.740000 
 199.948800   320.220000 
 201.914638   320.510000 
 209.599286   321.660000 
 255.117600   328.420000 
 282.549600   331.760000 
 297.180000   333.980000 
 303.580800   334.470000 
 304.800000   334.670000 
    
 12964.000000    
 0.000000   333.780000 
 0.074585   330.000000 
 0.236372   329.320000 
 0.447416   328.950000 
 0.692567   328.720000 
 0.963808   328.550000 
 1.256050   328.430000 
 1.565971   328.330000 
 1.891040   328.260000 
 2.229429   328.200000 
 2.579675   328.150000 
 2.940619   328.120000 
 3.311286   328.090000 
 3.690854   328.070000 
 4.078681   328.060000 
 4.474159   328.050000 
 4.876800   328.050000 
 5.187635   327.990000 
 5.327782   327.970000 
 5.390205   327.950000 
 5.498440   327.930000 
 6.060674   327.830000 
 6.120079   327.810000 
 7.010400   327.640000 
 7.244517   327.520000 
 9.612234   326.300000 
 9.952604   326.120000 
 14.337121   323.850000 
 15.759135   323.120000 
 15.849600   323.070000 
 19.675053   320.410000 
 25.298400   316.510000 
 29.870400   315.220000 
 29.895119   315.200000 
 31.035163   314.210000 
 31.394400   313.900000 
 34.747200   309.730000 
 35.416571   309.300000 
 35.834909   309.040000 
 36.253278   308.770000 
 36.378612   308.690000 
 36.870528   308.380000 
 36.880800   308.380000 
 40.594849   308.640000 
 47.946625   309.150000 
 51.206400   309.380000 
 56.201737   309.990000 
 57.098855   310.100000 
 57.664289   310.170000 
 59.842390   310.430000 
 61.076891   310.590000 
 62.274541   310.730000 
 62.996735   310.820000 
 63.351979   310.860000 
 64.617600   311.020000 
 65.464548   310.980000 
 67.360800   310.880000 
 67.450228   310.870000 
 69.240410   310.560000 
 71.010140   310.250000 
 71.383733   310.190000 
 73.039956   309.900000 
 76.352400   309.330000 
 76.504800   309.300000 
 81.381600   310.050000 
 81.432410   310.020000 
 85.039200   308.180000 
 85.554007   308.060000 
 86.004410   307.960000 
 86.258400   307.900000 
 87.477600   308.180000 
 87.771793   308.370000 
 90.220800   309.960000 
 91.744800   310.420000 
 93.845055   309.810000 
 96.275347   309.100000 
 97.231200   308.820000 
 98.340855   308.790000 
 99.073442   308.770000 
 104.241600   308.650000 
 116.433600   309.520000 
 123.424828   310.480000 
 127.704860   311.070000 
 128.625600   311.200000 
 130.409960   311.150000 
 135.594700   311.010000 
 135.594730   311.010000 
 138.074400   310.940000 
 161.038123   315.170000 
 170.688000   316.950000 
 175.071481   317.440000 
 175.275819   317.460000 
 186.742974   318.740000 
 199.948800   320.220000 
 201.914638   320.510000 
 209.599286   321.660000 
 255.117600   328.420000 
 282.549600   331.760000 
 297.180000   333.980000 
 303.580800   334.470000 
 304.800000   334.670000 
    
 14816.000000    
 0.000000   333.780000 
 0.074585   330.000000 
 0.236372   329.320000 
 0.447416   328.950000 
 0.692567   328.720000 
 0.963808   328.550000 
 1.256050   328.430000 
 1.565971   328.330000 
 1.891040   328.260000 
 2.229429   328.200000 
 2.579675   328.150000 
 2.940619   328.120000 
 3.311286   328.090000 
 3.690854   328.070000 
 4.078681   328.060000 
 4.474159   328.050000 
 4.876800   328.050000 
 5.187635   327.990000 
 5.327782   327.970000 
 5.390205   327.950000 
 5.498440   327.930000 
 6.060674   327.830000 
 6.120079   327.810000 
 7.010400   327.640000 
 7.244517   327.520000 
 9.612234   326.300000 
 9.952604   326.120000 
 14.337121   323.850000 
 15.759135   323.120000 
 15.849600   323.070000 
 19.675053   320.410000 
 25.298400   316.510000 
 29.870400   315.220000 
 29.895119   315.200000 
 31.035163   314.210000 
 31.394400   313.900000 
 34.747200   309.730000 
 35.416571   309.300000 
 35.834909   309.040000 
 36.253278   308.770000 
 36.378612   308.690000 
 36.870528   308.380000 
 36.880800   308.380000 
 40.594849   308.640000 
 47.946625   309.150000 
 51.206400   309.380000 
 56.201737   309.990000 
 57.098855   310.100000 
 57.664289   310.170000 
 59.842390   310.430000 
 61.076891   310.590000 
 62.274541   310.730000 
 62.996735   310.820000 
 63.351979   310.860000 
 64.617600   311.020000 
 65.464548   310.980000 
 67.360800   310.880000 
 67.450228   310.870000 
 69.240410   310.560000 
 71.010140   310.250000 
 71.383733   310.190000 
 73.039956   309.900000 
 76.352400   309.330000 
 76.504800   309.300000 
 81.381600   310.050000 
 81.432410   310.020000 
 85.039200   308.180000 
 85.554007   308.060000 
 86.004410   307.960000 
 86.258400   307.900000 
 87.477600   308.180000 
 87.771793   308.370000 
 90.220800   309.960000 
 91.744800   310.420000 
 93.845055   309.810000 
 96.275347   309.100000 
 97.231200   308.820000 
 98.340855   308.790000 
 99.073442   308.770000 
 104.241600   308.650000 
 116.433600   309.520000 
 123.424828   310.480000 
 127.704860   311.070000 
 128.625600   311.200000 
 130.409960   311.150000 
 135.594700   311.010000 
 135.594730   311.010000 
 138.074400   310.940000 
 161.038123   315.170000 
 170.688000   316.950000 
 175.071481   317.440000 
 175.275819   317.460000 
 186.742974   318.740000 
 199.948800   320.220000 
 201.914638   320.510000 
 209.599286   321.660000 
 254.727212   328.340000 
 282.207310   331.640000 
 297.040615   333.820000 
 303.557148   334.350000 
 304.800000   334.540000 
    
 16668.000000    
 0.000000   333.780000 
 0.074585   330.000000 
 0.236372   329.320000 
 0.447416   328.950000 
 0.692567   328.720000 
 0.963808   328.550000 
 1.256050   328.430000 
 1.565971   328.330000 
 1.891040   328.260000 
 2.229429   328.200000 
 2.579675   328.150000 
 2.940619   328.120000 
 3.311286   328.090000 
 3.690854   328.070000 
 4.078681   328.060000 
 4.474159   328.050000 
 4.876800   328.050000 
 5.187635   327.990000 
 5.327782   327.970000 
 5.390205   327.950000 
 5.498440   327.930000 
 6.060674   327.830000 
 6.120079   327.810000 
 7.010400   327.640000 
 7.244517   327.520000 
 9.612234   326.300000 
 9.952604   326.120000 
 14.337121   323.850000 
 15.759135   323.120000 
 15.849600   323.070000 
 19.675053   320.410000 
 25.298400   316.510000 
 29.870400   315.220000 
 29.895119   315.200000 
 31.035163   314.210000 
 31.394400   313.900000 
 34.747200   309.730000 
 35.416571   309.300000 
 35.834909   309.040000 
 36.253278   308.770000 
 36.378612   308.690000 
 36.870528   308.380000 
 36.880800   308.380000 
 40.594849   308.640000 
 47.946625   309.150000 
 51.206400   309.380000 
 56.201737   309.990000 
 57.098855   310.100000 
 57.664289   310.170000 
 59.842390   310.430000 
 61.076891   310.590000 
 62.274541   310.730000 
 62.996735   310.820000 
 63.351979   310.860000 
 64.617600   311.020000 
 65.464548   310.980000 
 67.360800   310.880000 
 67.450228   310.870000 
 69.240410   310.560000 
 71.010140   310.250000 
 71.383733   310.190000 
 73.039956   309.900000 
 76.352400   309.330000 
 76.504800   309.300000 
 81.381600   310.050000 
 81.432410   310.020000 
 85.039200   308.180000 
 85.554007   308.060000 
 86.004410   307.960000 
 86.258400   307.900000 
 87.477600   308.180000 
 87.771793   308.370000 
 90.220800   309.960000 
 91.744800   310.420000 
 93.845055   309.810000 
 96.275347   309.100000 
 97.231200   308.820000 
 98.340855   308.790000 
 99.073442   308.770000 
 104.241600   308.650000 
 116.433600   309.520000 
 123.424828   310.480000 
 127.704860   311.070000 
 128.625600   311.200000 
 130.409960   311.150000 
 135.594700   311.010000 
 135.594730   311.010000 
 138.074400   310.940000 
 161.136147   315.280000 
 170.465984   317.030000 
 174.584777   317.470000 
 174.775612   317.490000 
 185.311664   318.680000 
 197.041922   319.990000 
 198.992947   320.280000 
 206.643214   321.430000 
 253.026946   327.990000 
 281.481489   331.400000 
 296.796775   333.540000 
 303.518407   334.140000 
 304.800000   334.330000 
    
 18520.000000    
 0.000000   333.780000 
 0.074585   330.000000 
 0.236372   329.320000 
 0.447416   328.950000 
 0.692567   328.720000 
 0.963808   328.550000 
 1.256050   328.430000 
 1.565971   328.330000 
 1.891040   328.260000 
 2.229429   328.200000 
 2.579675   328.150000 
 2.940619   328.120000 
 3.311286   328.090000 
 3.690854   328.070000 
 4.078681   328.060000 
 4.474159   328.050000 
 4.876800   328.050000 
 5.187635   327.990000 
 5.327782   327.970000 
 5.390205   327.950000 
 5.498440   327.930000 
 6.060674   327.830000 
 6.120079   327.810000 
 7.010400   327.640000 
 7.244517   327.520000 
 9.612234   326.300000 
 9.952604   326.120000 
 14.337121   323.850000 
 15.759135   323.120000 
 15.849600   323.070000 
 19.675053   320.410000 
 25.298400   316.510000 
 29.870400   315.220000 
 29.895119   315.200000 
 31.035163   314.210000 
 31.394400   313.900000 
 34.747200   309.730000 
 35.416571   309.300000 
 35.834909   309.040000 
 36.253278   308.770000 
 36.378612   308.690000 
 36.870528   308.380000 
 36.880800   308.380000 
 40.594849   308.640000 
 47.946625   309.150000 
 51.206400   309.380000 
 56.201737   309.990000 
 57.098855   310.100000 
 57.664289   310.170000 
 59.842390   310.430000 
 61.076891   310.590000 
 62.274541   310.730000 
 62.996735   310.820000 
 63.351979   310.860000 
 64.617600   311.020000 
 65.464548   310.980000 
 67.360800   310.880000 
 67.450228   310.870000 
 69.240410   310.560000 
 71.010140   310.250000 
 71.383733   310.190000 
 73.039956   309.900000 
 76.352400   309.330000 
 76.504800   309.300000 
 81.381600   310.050000 
 81.432410   310.020000 
 85.039200   308.180000 
 85.554007   308.060000 
 86.004410   307.960000 
 86.258400   307.900000 
 87.477600   308.180000 
 87.771793   308.370000 
 90.220800   309.960000 
 91.744800   310.420000 
 93.845055   309.810000 
 96.275347   309.100000 
 97.231200   308.820000 
 98.340855   308.790000 
 99.073442   308.770000 
 104.241600   308.650000 
 116.433600   309.520000 
 123.530746   310.560000 
 128.090798   311.320000 
 129.084385   311.470000 
 131.119413   311.550000 
 137.239614   311.650000 
 137.239644   311.650000 
 140.205287   311.700000 
 161.760164   315.960000 
 169.921154   317.230000 
 173.524286   317.540000 
 173.691225   317.550000 
 182.909596   318.560000 
 193.170231   319.670000 
 195.188007   319.970000 
 203.101194   321.150000 
 251.326711   327.640000 
 280.755669   331.150000 
 296.552935   333.260000 
 303.479698   333.940000 
 304.800000   334.120000 
    
 20372.000000    
 0.000000   333.780000 
 0.074585   330.000000 
 0.236372   329.320000 
 0.447416   328.950000 
 0.692567   328.720000 
 0.963808   328.550000 
 1.256050   328.430000 
 1.565971   328.330000 
 1.891040   328.260000 
 2.229429   328.200000 
 2.579675   328.150000 
 2.940619   328.120000 
 3.311286   328.090000 
 3.690854   328.070000 
 4.078681   328.060000 
 4.474159   328.050000 
 4.876800   328.050000 
 5.187635   327.990000 
 5.327782   327.970000 
 5.390205   327.950000 
 5.498440   327.930000 
 6.060674   327.830000 
 6.120079   327.810000 
 7.010400   327.640000 
 7.244517   327.520000 
 9.612234   326.300000 
 9.952604   326.120000 
 14.337121   323.850000 
 15.759135   323.120000 
 15.849600   323.070000 
 19.675053   320.410000 
 25.298400   316.510000 
 29.870400   315.220000 
 29.895119   315.200000 
 31.035163   314.210000 
 31.394400   313.900000 
 34.747200   309.730000 
 35.416571   309.300000 
 35.834909   309.040000 
 36.253278   308.770000 
 36.378612   308.690000 
 36.870528   308.380000 
 36.880800   308.380000 
 40.594849   308.640000 
 47.946625   309.150000 
 51.206400   309.380000 
 56.201737   309.990000 
 57.098855   310.100000 
 57.664289   310.170000 
 59.842390   310.430000 
 61.076891   310.590000 
 62.274541   310.730000 
 62.996735   310.820000 
 63.351979   310.860000 
 64.617600   311.020000 
 65.464548   310.980000 
 67.360800   310.880000 
 67.450228   310.870000 
 69.240410   310.560000 
 71.010140   310.250000 
 71.395620   310.190000 
 73.176293   309.940000 
 76.760131   309.460000 
 76.925790   309.440000 
 82.287953   310.390000 
 82.341629   310.370000 
 86.150501   308.700000 
 86.683626   308.590000 
 87.150214   308.500000 
 87.412952   308.450000 
 88.707255   308.760000 
 89.013883   308.940000 
 91.568717   310.460000 
 93.224025   310.960000 
 95.516090   310.530000 
 98.178976   310.000000 
 99.228250   309.810000 
 100.494663   309.860000 
 101.335606   309.880000 
 107.293654   309.980000 
 117.964306   310.830000 
 125.862314   312.200000 
 130.791844   313.050000 
 131.884339   313.170000 
 134.089323   313.220000 
 140.839881   313.060000 
 140.839911   313.060000 
 144.002669   313.050000 
 162.384212   316.640000 
 169.376354   317.430000 
 172.463765   317.600000 
 172.606868   317.620000 
 180.507528   318.440000 
 189.298570   319.360000 
 191.383097   319.670000 
 199.559174   320.880000 
 249.626445   327.290000 
 280.029879   330.900000 
 296.309064   332.980000 
 303.440958   333.730000 
 304.800000   333.910000 
    
 22224.000000    
 0.000000   333.780000 
 0.074585   330.000000 
 0.236372   329.320000 
 0.447416   328.950000 
 0.692567   328.720000 
 0.963808   328.550000 
 1.256050   328.430000 
 1.565971   328.330000 
 1.891040   328.260000 
 2.229429   328.200000 
 2.579675   328.150000 
 2.940619   328.120000 
 3.311286   328.090000 
 3.690854   328.070000 
 4.078681   328.060000 
 4.474159   328.050000 
 4.876800   328.050000 
 5.187635   327.990000 
 5.327782   327.970000 
 5.390205   327.950000 
 5.498440   327.930000 
 6.060674   327.830000 
 6.120079   327.810000 
 7.010400   327.640000 
 7.244517   327.520000 
 9.612234   326.300000 
 9.952604   326.120000 
 14.337121   323.850000 
 15.759166   323.120000 
 15.849722   323.070000 
 19.679717   320.510000 
 25.314615   316.720000 
 29.879056   315.630000 
 29.903654   315.610000 
 31.038211   314.680000 
 31.395528   314.380000 
 34.726626   310.420000 
 35.702199   309.870000 
 36.324266   309.350000 
 36.954318   308.880000 
 37.146494   308.770000 
 37.911695   308.330000 
 37.927849   308.320000 
 41.688288   308.530000 
 49.006201   309.010000 
 52.188374   309.220000 
 57.492168   309.950000 
 58.449271   310.080000 
 59.053263   310.170000 
 61.385135   310.500000 
 62.714490   310.670000 
 64.007177   310.840000 
 64.788166   310.940000 
 65.172732   310.990000 
 66.545033   311.170000 
 67.472753   311.170000 
 69.556305   311.190000 
 69.655700   311.180000 
 71.649854   311.040000 
 73.630506   310.860000 
 74.049758   310.820000 
 75.913031   310.660000 
 79.662650   310.370000 
 79.836264   310.370000 
 85.448851   311.590000 
 85.505788   311.580000 
 89.514335   310.280000 
 90.079403   310.190000 
 90.574063   310.110000 
 90.851248   310.080000 
 92.179018   310.380000 
 92.495340   310.540000 
 95.131585   311.810000 
 96.820695   312.270000 
 99.157414   312.100000 
 101.882448   311.770000 
 102.956258   311.650000 
 104.237607   311.720000 
 105.095406   311.720000 
 111.172752   311.670000 
 119.691485   312.320000 
 128.193881   313.830000 
 133.492890   314.790000 
 134.684292   314.860000 
 137.059233   314.900000 
 144.440118   314.470000 
 144.440148   314.470000 
 147.800019   314.400000 
 163.008259   317.320000 
 168.831524   317.630000 
 171.403244   317.660000 
 171.522542   317.680000 
 178.105460   318.330000 
 185.426939   319.050000 
 187.578187   319.360000 
 196.017185   320.600000 
 247.926179   326.940000 
 279.304059   330.650000 
 296.065224   332.700000 
 303.402218   333.530000 
 304.800000   333.700000 
    
 24076.000000    
 0.000000   333.780000 
 0.074585   330.000000 
 0.236372   329.320000 
 0.447416   328.960000 
 0.692567   328.720000 
 0.963808   328.560000 
 1.256050   328.430000 
 1.565971   328.340000 
 1.891040   328.260000 
 2.229429   328.200000 
 2.579675   328.160000 
 2.940619   328.120000 
 3.311286   328.100000 
 3.690854   328.080000 
 4.078681   328.070000 
 4.474159   328.060000 
 4.876800   328.060000 
 5.189129   328.000000 
 5.330007   327.970000 
 5.392704   327.960000 
 5.501488   327.940000 
 6.066465   327.830000 
 6.126206   327.810000 
 7.020916   327.550000 
 7.256221   327.420000 
 9.636831   326.250000 
 9.979122   326.080000 
 14.390431   323.960000 
 15.821894   323.270000 
 15.912998   323.230000 
 19.765366   320.840000 
 25.438547   316.960000 
 29.912828   315.830000 
 29.936938   315.810000 
 31.049214   315.010000 
 31.399521   314.730000 
 34.663136   311.150000 
 36.571245   310.210000 
 37.799437   308.890000 
 39.048538   307.790000 
 39.434140   307.590000 
 40.980756   306.780000 
 41.013614   306.760000 
 44.375375   306.890000 
 50.965638   307.360000 
 53.824815   307.570000 
 59.370255   308.500000 
 60.371004   308.670000 
 61.002520   308.780000 
 63.440737   309.200000 
 64.835654   309.390000 
 66.192441   309.580000 
 67.012292   309.690000 
 67.416030   309.750000 
 68.856941   309.950000 
 69.828644   310.010000 
 72.011103   310.130000 
 72.114918   310.140000 
 74.197342   310.150000 
 76.266020   310.070000 
 76.703895   310.060000 
 78.649739   309.990000 
 82.565138   309.890000 
 82.746769   309.910000 
 88.609719   311.390000 
 88.669947   311.390000 
 92.878199   310.470000 
 93.475211   310.400000 
 93.997882   310.340000 
 94.289545   310.320000 
 95.650782   310.620000 
 95.976796   310.750000 
 98.694423   311.760000 
 100.417366   312.180000 
 102.798738   312.270000 
 105.585920   312.150000 
 106.684267   312.110000 
 107.980551   312.180000 
 108.855205   312.160000 
 115.051820   311.970000 
 121.418665   312.410000 
 130.525449   314.080000 
 136.193906   315.130000 
 137.484246   315.170000 
 140.029143   315.190000 
 148.040385   314.480000 
 148.040415   314.480000 
 151.597401   314.360000 
 163.632276   316.610000 
 168.297393   316.440000 
 170.475859   316.390000 
 170.576382   316.400000 
 176.209696   316.980000 
 182.681423   317.660000 
 185.024420   318.030000 
 194.149980   319.430000 
 247.055091   325.680000 
 278.938787   329.450000 
 295.943426   331.450000 
 303.382924   332.330000 
 304.800000   332.500000 
    
 25928.000000    
 0.000000   333.770000 
 0.074585   330.000000 
 0.236372   329.310000 
 0.447416   328.950000 
 0.692567   328.720000 
 0.963808   328.550000 
 1.256050   328.420000 
 1.565971   328.330000 
 1.891040   328.250000 
 2.229429   328.200000 
 2.579675   328.150000 
 2.940619   328.120000 
 3.311286   328.090000 
 3.690854   328.070000 
 4.078681   328.060000 
 4.474159   328.050000 
 4.876800   328.050000 
 5.190896   327.990000 
 5.332537   327.960000 
 5.395631   327.950000 
 5.504993   327.930000 
 6.073231   327.820000 
 6.133277   327.800000 
 7.033077   327.420000 
 7.269724   327.270000 
 9.664019   326.100000 
 10.008291   325.940000 
 14.444929   323.860000 
 15.884652   323.190000 
 15.976275   323.150000 
 19.851045   320.930000 
 25.562509   316.960000 
 29.946570   315.790000 
 29.970192   315.770000 
 31.060187   315.100000 
 31.403483   314.830000 
 34.599646   311.650000 
 37.440321   310.310000 
 39.274608   308.190000 
 41.142757   306.470000 
 41.721756   306.170000 
 44.049818   304.990000 
 44.099348   304.970000 
 47.062431   305.010000 
 52.925106   305.470000 
 55.461256   305.670000 
 61.248341   306.810000 
 62.292708   307.020000 
 62.951777   307.150000 
 65.496308   307.660000 
 66.956849   307.880000 
 68.377704   308.080000 
 69.236387   308.210000 
 69.659327   308.270000 
 71.168880   308.500000 
 72.184534   308.600000 
 74.465932   308.840000 
 74.574136   308.850000 
 76.744830   309.030000 
 78.901534   309.050000 
 79.358002   309.050000 
 81.386477   309.090000 
 85.467657   309.180000 
 85.657212   309.220000 
 91.770586   310.960000 
 91.834106   310.970000 
 96.242033   310.420000 
 96.870987   310.370000 
 97.421730   310.320000 
 97.727841   310.320000 
 99.122575   310.620000 
 99.458252   310.710000 
 102.257261   311.480000 
 104.014036   311.860000 
 106.440061   312.210000 
 109.289362   312.290000 
 110.412276   312.330000 
 111.723495   312.410000 
 112.615005   312.370000 
 118.930887   312.040000 
 123.145875   312.270000 
 132.857016   314.090000 
 138.943659   315.120000 
 140.344825   315.060000 
 143.047639   314.960000 
 151.171290   313.960000 
 151.171321   313.960000 
 154.679020   313.890000 
 166.047969   315.970000 
 170.765572   316.010000 
 172.904262   316.030000 
 173.003108   316.040000 
 178.543031   316.700000 
 184.906707   317.460000 
 187.212000   317.830000 
 196.137367   319.140000 
 248.092234   325.280000 
 279.403272   328.980000 
 296.102502   330.960000 
 303.408375   331.820000 
 304.800000   331.980000 
    
 27780.000000    
 0.000000   333.780000 
 0.074585   330.000000 
 0.236372   329.320000 
 0.447416   328.960000 
 0.692567   328.720000 
 0.963808   328.550000 
 1.256050   328.430000 
 1.565971   328.330000 
 1.891040   328.260000 
 2.229429   328.200000 
 2.579675   328.150000 
 2.940619   328.120000 
 3.311286   328.090000 
 3.690854   328.070000 
 4.078681   328.060000 
 4.474159   328.050000 
 4.876800   328.050000 
 5.192664   327.990000 
 5.335097   327.970000 
 5.398526   327.950000 
 5.508528   327.930000 
 6.079968   327.820000 
 6.140379   327.790000 
 7.045269   327.300000 
 7.283257   327.130000 
 9.691238   325.960000 
 10.037430   325.800000 
 14.499427   323.780000 
 15.947410   323.120000 
 16.039551   323.080000 
 19.936724   321.040000 
 25.686441   316.960000 
 29.980311   315.750000 
 30.003476   315.740000 
 31.071190   315.210000 
 31.407476   314.950000 
 34.536156   312.160000 
 38.309367   310.410000 
 40.749779   307.500000 
 43.236977   305.160000 
 44.009401   304.770000 
 47.118880   303.220000 
 47.185113   303.180000 
 49.749517   303.140000 
 54.884574   303.590000 
 57.097666   303.790000 
 63.126427   305.130000 
 64.214441   305.370000 
 64.901003   305.530000 
 67.551910   306.130000 
 69.078013   306.370000 
 70.562968   306.600000 
 71.460512   306.740000 
 71.902594   306.810000 
 73.480788   307.050000 
 74.540425   307.210000 
 76.920761   307.560000 
 77.033354   307.580000 
 79.292318   307.910000 
 81.537048   308.030000 
 82.012140   308.060000 
 84.123215   308.190000 
 88.370146   308.470000 
 88.567717   308.530000 
 94.800999   310.240000 
 94.866348   310.260000 
 99.416677   309.920000 
 100.068705   309.880000 
 100.639656   309.840000 
 100.957776   309.840000 
 102.371408   310.080000 
 102.713028   310.140000 
 105.564462   310.640000 
 107.345775   310.940000 
 109.809199   311.370000 
 112.703701   311.460000 
 113.846122   311.510000 
 115.175172   311.560000 
 116.075582   311.490000 
 122.480771   311.000000 
 126.465696   311.200000 
 136.286382   312.810000 
 142.268204   313.800000 
 143.622735   313.790000 
 146.236883   313.800000 
 154.033210   313.280000 
 154.033271   313.280000 
 157.466020   313.350000 
 168.603991   315.370000 
 173.233751   315.580000 
 175.332634   315.690000 
 175.429804   315.700000 
 180.876397   316.430000 
 187.131990   317.270000 
 189.399611   317.650000 
 198.124755   318.870000 
 249.129377   324.900000 
 279.867787   328.530000 
 296.261577   330.470000 
 303.433825   331.320000 
 304.800000   331.480000 
    
 29632.000000    
 0.000000   333.780000 
 0.074585   330.000000 
 0.236372   329.320000 
 0.447416   328.960000 
 0.692567   328.720000 
 0.963808   328.550000 
 1.256050   328.430000 
 1.565971   328.330000 
 1.891040   328.260000 
 2.229429   328.200000 
 2.579675   328.160000 
 2.940619   328.120000 
 3.311286   328.100000 
 3.690854   328.080000 
 4.078681   328.060000 
 4.474159   328.060000 
 4.876800   328.060000 
 5.194402   328.000000 
 5.337658   327.970000 
 5.401452   327.960000 
 5.512064   327.940000 
 6.086734   327.830000 
 6.147450   327.790000 
 7.057431   327.180000 
 7.296760   327.000000 
 9.718426   325.820000 
 10.066599   325.670000 
 14.553926   323.690000 
 16.010138   323.050000 
 16.102828   323.010000 
 20.022373   321.140000 
 25.810373   316.970000 
 30.014052   315.720000 
 30.036729   315.710000 
 31.082193   315.310000 
 31.411469   315.060000 
 34.472667   312.660000 
 39.178413   310.520000 
 42.224950   306.810000 
 45.331197   303.840000 
 46.297017   303.360000 
 49.727754   301.540000 
 49.797645   301.500000 
 51.862147   301.410000 
 55.905471   302.000000 
 57.739697   302.260000 
 63.846791   303.730000 
 64.956934   303.960000 
 65.659102   304.090000 
 68.371944   304.550000 
 69.926058   304.670000 
 71.453319   304.820000 
 72.380612   304.910000 
 72.838544   304.950000 
 74.479831   305.140000 
 75.586895   305.260000 
 78.089973   305.590000 
 78.208876   305.610000 
 80.605610   305.920000 
 83.007281   306.030000 
 83.518400   306.060000 
 85.801535   306.170000 
 90.454734   306.410000 
 90.656268   306.460000 
 97.144484   308.020000 
 97.212455   308.030000 
 101.974650   307.950000 
 102.656914   307.940000 
 103.254353   307.940000 
 103.588383   307.950000 
 105.063493   308.190000 
 105.419926   308.250000 
 108.394409   308.740000 
 110.252012   309.050000 
 112.820226   309.470000 
 115.827627   309.660000 
 117.014153   309.740000 
 118.394226   309.830000 
 119.322799   309.820000 
 125.937477   309.650000 
 130.117779   309.930000 
 139.734828   311.510000 
 145.592749   312.470000 
 146.900616   312.520000 
 149.426097   312.630000 
 156.895160   312.590000 
 156.895190   312.590000 
 160.253020   312.810000 
 171.160013   314.770000 
 175.701960   315.160000 
 177.761006   315.350000 
 177.856561   315.360000 
 183.209763   316.150000 
 189.357244   317.080000 
 191.587222   317.460000 
 200.112142   318.590000 
 250.166551   324.510000 
 280.332271   328.080000 
 296.420652   329.980000 
 303.459307   330.810000 
 304.800000   330.970000 
    
 31484.000000    
 0.000000   333.770000 
 0.074585   330.000000 
 0.236372   329.310000 
 0.447416   328.950000 
 0.692567   328.720000 
 0.963808   328.550000 
 1.256050   328.420000 
 1.565971   328.330000 
 1.891040   328.250000 
 2.229429   328.190000 
 2.579675   328.150000 
 2.940619   328.110000 
 3.311286   328.090000 
 3.690854   328.070000 
 4.078681   328.060000 
 4.474159   328.050000 
 4.876800   328.050000 
 5.196169   327.990000 
 5.340218   327.960000 
 5.404348   327.950000 
 5.515600   327.930000 
 6.093470   327.820000 
 6.154552   327.770000 
 7.069623   327.050000 
 7.310262   326.850000 
 9.745614   325.680000 
 10.095768   325.530000 
 14.608424   323.590000 
 16.072896   322.960000 
 16.166074   322.920000 
 20.108052   321.230000 
 25.661082   316.490000 
 29.768079   314.930000 
 29.790420   314.920000 
 30.821894   314.500000 
 31.138947   314.210000 
 34.139246   311.460000 
 38.318359   308.650000 
 40.929154   305.350000 
 43.697500   302.820000 
 44.509030   302.410000 
 47.670141   300.870000 
 47.735703   300.840000 
 49.661247   300.720000 
 54.185850   301.240000 
 56.230418   301.470000 
 62.984116   302.710000 
 64.207644   302.810000 
 64.981836   302.870000 
 67.955648   302.920000 
 69.673805   302.800000 
 71.374224   302.820000 
 72.406642   302.820000 
 72.916451   302.820000 
 74.744336   302.940000 
 75.977618   303.020000 
 78.765319   303.340000 
 78.897724   303.360000 
 81.566979   303.660000 
 84.241295   303.820000 
 84.810417   303.850000 
 87.352571   304.010000 
 92.533104   304.330000 
 92.742807   304.380000 
 99.487939   305.780000 
 99.558561   305.790000 
 104.532623   305.970000 
 105.245124   306.000000 
 105.869049   306.030000 
 106.218960   306.050000 
 107.755578   306.290000 
 108.126825   306.350000 
 111.224355   306.840000 
 113.158250   307.140000 
 115.831285   307.560000 
 118.951553   307.850000 
 120.182213   307.960000 
 121.613249   308.100000 
 122.569986   308.140000 
 129.394214   308.290000 
 133.769862   308.660000 
 143.183275   310.200000 
 148.917294   311.130000 
 150.178526   311.240000 
 152.615341   311.460000 
 159.757080   311.900000 
 159.757110   311.900000 
 163.039989   312.260000 
 173.716066   314.160000 
 178.170139   314.730000 
 180.189378   314.990000 
 180.283256   315.010000 
 185.543099   315.870000 
 191.582528   316.870000 
 193.774802   317.260000 
 202.099530   318.310000 
 251.203724   324.110000 
 280.796756   327.610000 
 296.579727   329.480000 
 303.484758   330.300000 
 304.800000   330.450000 
    
 33336.000000    
 0.000000   333.780000 
 0.074585   330.000000 
 0.236372   329.320000 
 0.447416   328.960000 
 0.692567   328.720000 
 0.963808   328.550000 
 1.256050   328.430000 
 1.565971   328.330000 
 1.891040   328.260000 
 2.229429   328.200000 
 2.579675   328.160000 
 2.940619   328.120000 
 3.311286   328.100000 
 3.690854   328.080000 
 4.078681   328.060000 
 4.474159   328.060000 
 4.876800   328.060000 
 5.263469   327.940000 
 5.438943   327.880000 
 5.517337   327.850000 
 5.653705   327.790000 
 6.369375   327.460000 
 6.444691   327.400000 
 7.578639   326.480000 
 7.878440   326.230000 
 10.182118   324.920000 
 10.508224   324.750000 
 14.663867   322.700000 
 15.993557   322.040000 
 16.077865   322.000000 
 19.609613   320.240000 
 24.497904   315.920000 
 28.882360   314.080000 
 28.906196   314.070000 
 30.004908   313.500000 
 30.345248   313.200000 
 33.560156   310.380000 
 37.124061   308.060000 
 39.337640   305.460000 
 41.908049   303.460000 
 42.664289   303.130000 
 45.612558   301.870000 
 45.673731   301.840000 
 47.460378   301.690000 
 52.466199   302.150000 
 54.721140   302.340000 
 62.121410   303.350000 
 63.458354   303.330000 
 64.304570   303.310000 
 67.539382   302.940000 
 69.421522   302.590000 
 71.295097   302.470000 
 72.432642   302.400000 
 72.994388   302.360000 
 75.008811   302.410000 
 76.368341   302.450000 
 79.440634   302.760000 
 79.586572   302.770000 
 82.528319   303.070000 
 85.475308   303.270000 
 86.102434   303.310000 
 88.903576   303.510000 
 94.611505   303.920000 
 94.829315   303.960000 
 101.831394   305.200000 
 101.904668   305.210000 
 107.090566   305.650000 
 107.833333   305.720000 
 108.483715   305.770000 
 108.849536   305.810000 
 110.447663   306.060000 
 110.833723   306.110000 
 114.054301   306.600000 
 116.064487   306.900000 
 118.842312   307.310000 
 122.075478   307.690000 
 123.350244   307.850000 
 124.832273   308.020000 
 125.817173   308.120000 
 132.850920   308.590000 
 137.421976   309.040000 
 146.631721   310.540000 
 152.241839   311.460000 
 153.456437   311.620000 
 155.804586   311.950000 
 162.618999   312.870000 
 162.619030   312.870000 
 165.826989   313.370000 
 176.272088   315.210000 
 180.638318   315.950000 
 182.617781   316.300000 
 182.710013   316.320000 
 187.872868   317.240000 
 193.691591   318.170000 
 195.806659   318.500000 
 203.947563   319.470000 
 252.168111   325.170000 
 281.228688   328.610000 
 296.727646   330.440000 
 303.508410   331.240000 
 304.800000   331.400000 
    
 35188.000000    
 0.000000   333.780000 
 0.074585   330.000000 
 0.236372   329.320000 
 0.447416   328.960000 
 0.692567   328.720000 
 0.963808   328.550000 
 1.256050   328.430000 
 1.565971   328.330000 
 1.891040   328.260000 
 2.229429   328.200000 
 2.579675   328.160000 
 2.940619   328.120000 
 3.311286   328.090000 
 3.690854   328.080000 
 4.078681   328.060000 
 4.474159   328.060000 
 4.876800   328.050000 
 5.377434   327.910000 
 5.604175   327.850000 
 5.705521   327.790000 
 5.881695   327.690000 
 6.805117   327.160000 
 6.902775   327.080000 
 8.376026   325.930000 
 8.766658   325.620000 
 10.788426   324.450000 
 11.074847   324.300000 
 14.719554   322.420000 
 15.883768   321.820000 
 15.957560   321.780000 
 19.044788   320.170000 
 23.334726   316.580000 
 27.996642   314.470000 
 28.022001   314.450000 
 29.187953   313.750000 
 29.551579   313.440000 
 32.981067   310.530000 
 35.929794   308.720000 
 37.746158   306.810000 
 40.118599   305.350000 
 40.819517   305.090000 
 43.554975   304.110000 
 43.611790   304.090000 
 45.259478   303.900000 
 50.746579   304.290000 
 53.211862   304.460000 
 61.258734   305.230000 
 62.709034   305.080000 
 63.627305   304.980000 
 67.123117   304.200000 
 69.169239   303.620000 
 71.215971   303.370000 
 72.458671   303.210000 
 73.072295   303.130000 
 75.273286   303.120000 
 76.759034   303.110000 
 80.115948   303.410000 
 80.275420   303.430000 
 83.489658   303.710000 
 86.709291   303.960000 
 87.394420   304.010000 
 90.454582   304.250000 
 96.689875   304.740000 
 96.915854   304.780000 
 104.174879   305.860000 
 104.250774   305.870000 
 109.648539   306.570000 
 110.421572   306.670000 
 111.098411   306.760000 
 111.480112   306.820000 
 113.139718   307.060000 
 113.540591   307.110000 
 116.884247   307.590000 
 118.970725   307.890000 
 121.853340   308.300000 
 125.199404   308.780000 
 126.510928   308.970000 
 128.017341   309.200000 
 129.010440   309.350000 
 136.018890   310.120000 
 140.554771   310.620000 
 149.310974   312.060000 
 154.669358   312.910000 
 155.821471   313.090000 
 158.053583   313.430000 
 164.534484   314.420000 
 164.534515   314.420000 
 167.620798   314.910000 
 177.700595   316.510000 
 181.926982   317.180000 
 183.844997   317.490000 
 183.934395   317.500000 
 188.946465   318.290000 
 194.691853   319.160000 
 196.780983   319.470000 
 204.849100   320.420000 
 252.638631   326.070000 
 281.439366   329.480000 
 296.799792   331.300000 
 303.519962   332.090000 
 304.800000   332.240000 
    
 37040.000000    
 0.000000   333.780000 
 0.074585   330.000000 
 0.236372   329.320000 
 0.447416   328.960000 
 0.692567   328.720000 
 0.963808   328.550000 
 1.256050   328.430000 
 1.565971   328.330000 
 1.891040   328.260000 
 2.229429   328.200000 
 2.579675   328.150000 
 2.940619   328.120000 
 3.311286   328.090000 
 3.690854   328.080000 
 4.078681   328.060000 
 4.474159   328.060000 
 4.876800   328.050000 
 5.491399   327.890000 
 5.769407   327.810000 
 5.893704   327.730000 
 6.109716   327.590000 
 7.240859   326.860000 
 7.360829   326.770000 
 9.173383   325.380000 
 9.654875   325.010000 
 11.394735   323.990000 
 11.641440   323.850000 
 14.775210   322.150000 
 15.773979   321.600000 
 15.837225   321.560000 
 18.479963   320.100000 
 22.171548   317.240000 
 27.110924   314.850000 
 27.137807   314.840000 
 28.370967   313.990000 
 28.757910   313.670000 
 32.401977   310.690000 
 34.735496   309.370000 
 36.154644   308.160000 
 38.329118   307.230000 
 38.974776   307.050000 
 41.497392   306.340000 
 41.549818   306.330000 
 43.058578   306.110000 
 49.026958   306.430000 
 51.702614   306.570000 
 60.396029   307.110000 
 61.959744   306.840000 
 62.950009   306.660000 
 66.706852   305.460000 
 68.916987   304.650000 
 71.136876   304.270000 
 72.484671   304.020000 
 73.150232   303.900000 
 75.633986   303.890000 
 77.336477   303.910000 
 81.131298   304.340000 
 81.310825   304.360000 
 84.915817   304.770000 
 88.500356   305.170000 
 89.259065   305.250000 
 92.632713   305.600000 
 99.430606   306.280000 
 99.657957   306.310000 
 106.902687   307.430000 
 106.977851   307.440000 
 112.297586   308.260000 
 113.054221   308.380000 
 113.715698   308.480000 
 114.088499   308.540000 
 115.704275   308.790000 
 116.093687   308.850000 
 119.337582   309.300000 
 121.350115   309.570000 
 124.115871   309.940000 
 127.304963   310.360000 
 128.552143   310.540000 
 129.997657   310.740000 
 130.950584   310.870000 
 137.668620   311.580000 
 142.017079   312.040000 
 150.708116   313.470000 
 156.041080   314.220000 
 157.187646   314.380000 
 159.408815   314.690000 
 165.857164   315.560000 
 165.857194   315.560000 
 168.911534   316.040000 
 178.887882   317.600000 
 183.071323   318.260000 
 184.969953   318.550000 
 185.058467   318.570000 
 190.020092   319.340000 
 195.692146   320.140000 
 197.755307   320.430000 
 205.750638   321.380000 
 253.109120   326.980000 
 281.650105   330.350000 
 296.871969   332.150000 
 303.531514   332.940000 
 304.800000   333.090000 
    
 38892.000000    
 0.000000   333.780000 
 0.074585   330.000000 
 0.236372   329.320000 
 0.447416   328.960000 
 0.692567   328.720000 
 0.963808   328.550000 
 1.256050   328.430000 
 1.565971   328.330000 
 1.891040   328.260000 
 2.229429   328.200000 
 2.579675   328.150000 
 2.940619   328.120000 
 3.311286   328.090000 
 3.690854   328.070000 
 4.078681   328.060000 
 4.474159   328.060000 
 4.876800   328.050000 
 5.605363   327.860000 
 5.934669   327.780000 
 6.081888   327.670000 
 6.337737   327.490000 
 7.676632   326.550000 
 7.818882   326.450000 
 9.970740   324.830000 
 10.543093   324.410000 
 12.001073   323.520000 
 12.208063   323.400000 
 14.830897   321.870000 
 15.664190   321.380000 
 15.716921   321.340000 
 17.915138   320.040000 
 21.008370   317.900000 
 26.225236   315.240000 
 26.253582   315.230000 
 27.554011   314.240000 
 27.964211   313.910000 
 31.822918   310.840000 
 33.541198   310.020000 
 34.563131   309.520000 
 36.539668   309.120000 
 37.130004   309.010000 
 39.439779   308.580000 
 39.487846   308.570000 
 40.857678   308.320000 
 47.569191   308.460000 
 50.569642   308.520000 
 60.236009   308.770000 
 62.025611   308.400000 
 63.156175   308.180000 
 68.021881   306.980000 
 70.783460   306.420000 
 73.217258   306.200000 
 74.688619   306.080000 
 75.416207   306.010000 
 78.033098   306.080000 
 79.790635   306.140000 
 83.716886   306.560000 
 83.902662   306.580000 
 87.632957   306.980000 
 91.342555   307.370000 
 92.125891   307.440000 
 95.608780   307.740000 
 102.626069   308.310000 
 102.844275   308.340000 
 109.796946   309.400000 
 109.869061   309.410000 
 114.973181   310.190000 
 115.699093   310.300000 
 116.333656   310.390000 
 116.691308   310.450000 
 118.241308   310.680000 
 118.614871   310.740000 
 121.736754   311.100000 
 123.672935   311.320000 
 126.332894   311.610000 
 129.398664   311.950000 
 130.593328   312.100000 
 131.977943   312.280000 
 132.890727   312.390000 
 139.318350   313.040000 
 143.479418   313.460000 
 152.105228   314.880000 
 157.412802   315.540000 
 158.553790   315.680000 
 160.764078   315.950000 
 167.179874   316.700000 
 167.179904   316.700000 
 170.202271   317.170000 
 180.075200   318.690000 
 184.215695   319.330000 
 186.094939   319.620000 
 186.182508   319.640000 
 191.093689   320.390000 
 196.692439   321.130000 
 198.729630   321.400000 
 206.652205   322.340000 
 253.579610   327.880000 
 281.860813   331.220000 
 296.944115   333.010000 
 303.543066   333.790000 
 304.800000   333.930000 
    
 40744.000000    
 0.000000   333.780000 
 0.074585   330.000000 
 0.236372   329.320000 
 0.447416   328.960000 
 0.692567   328.720000 
 0.963808   328.550000 
 1.256050   328.430000 
 1.565971   328.330000 
 1.891040   328.260000 
 2.229429   328.200000 
 2.579675   328.160000 
 2.940619   328.120000 
 3.311286   328.090000 
 3.690854   328.080000 
 4.078681   328.060000 
 4.474159   328.060000 
 4.876800   328.050000 
 5.717408   327.860000 
 6.096610   327.770000 
 6.265560   327.650000 
 6.558656   327.450000 
 8.082717   326.400000 
 8.243956   326.290000 
 10.663702   324.620000 
 11.301161   324.180000 
 12.511491   323.490000 
 12.685654   323.400000 
 14.933280   322.050000 
 15.664495   321.590000 
 15.711068   321.560000 
 17.683307   320.290000 
 20.596677   318.290000 
 25.639105   315.590000 
 25.665928   315.570000 
 26.892169   314.610000 
 27.275760   314.310000 
 30.792694   311.530000 
 32.536608   310.790000 
 33.640166   310.330000 
 36.251236   309.850000 
 37.041734   309.700000 
 40.181113   309.120000 
 40.247225   309.110000 
 42.144970   308.850000 
 49.134278   309.120000 
 52.250035   309.250000 
 62.295329   309.700000 
 64.143697   309.490000 
 65.311233   309.350000 
 70.190929   308.600000 
 72.959763   308.270000 
 75.466224   308.190000 
 76.981355   308.160000 
 77.733266   308.130000 
 80.432239   308.250000 
 82.244824   308.340000 
 86.302505   308.760000 
 86.494498   308.780000 
 90.350127   309.170000 
 94.184754   309.560000 
 94.992688   309.610000 
 98.584847   309.860000 
 105.821531   310.310000 
 106.030624   310.340000 
 112.691205   311.340000 
 112.760303   311.350000 
 117.648777   312.090000 
 118.343964   312.190000 
 118.951644   312.280000 
 119.294118   312.330000 
 120.778341   312.550000 
 121.136024   312.610000 
 124.135957   312.880000 
 125.995755   313.050000 
 128.549888   313.270000 
 131.492366   313.520000 
 132.634543   313.650000 
 133.958259   313.790000 
 134.830871   313.890000 
 140.968080   314.480000 
 144.941727   314.860000 
 153.502340   316.270000 
 158.784524   316.840000 
 159.919934   316.960000 
 162.119340   317.180000 
 168.502584   317.820000 
 168.502614   317.820000 
 171.493007   318.270000 
 181.262487   319.770000 
 185.360066   320.390000 
 187.219895   320.670000 
 187.306580   320.680000 
 192.167317   321.420000 
 197.692701   322.100000 
 199.703954   322.340000 
 207.553743   323.270000 
 254.050099   328.760000 
 282.071521   332.080000 
 297.016261   333.840000 
 303.554587   334.610000 
 304.800000   334.760000 
    
 42596.000000    
 0.000000   333.770000 
 0.074585   330.000000 
 0.236372   329.320000 
 0.447416   328.950000 
 0.692567   328.720000 
 0.963808   328.550000 
 1.256050   328.430000 
 1.565971   328.330000 
 1.891040   328.260000 
 2.229429   328.200000 
 2.579675   328.150000 
 2.940619   328.120000 
 3.311286   328.090000 
 3.690854   328.070000 
 4.078681   328.060000 
 4.474159   328.050000 
 4.876800   328.050000 
 5.735391   327.830000 
 6.122761   327.730000 
 6.295339   327.630000 
 6.594653   327.420000 
 8.151144   326.320000 
 8.315797   326.200000 
 10.786506   324.450000 
 11.437315   323.990000 
 12.672578   323.230000 
 12.850307   323.120000 
 15.144780   321.470000 
 15.893278   320.860000 
 15.940949   320.830000 
 17.961346   319.150000 
 20.949940   316.530000 
 25.245700   314.010000 
 25.268560   314.000000 
 26.313567   313.160000 
 26.640526   312.900000 
 29.639941   310.480000 
 31.560028   309.690000 
 32.772035   309.200000 
 36.048879   308.610000 
 37.041460   308.430000 
 40.986182   307.730000 
 41.069270   307.720000 
 43.455366   307.460000 
 50.699396   307.880000 
 53.930398   308.070000 
 64.354619   308.740000 
 66.261783   308.670000 
 67.466291   308.620000 
 72.360008   308.320000 
 75.136035   308.220000 
 77.715161   308.290000 
 79.274060   308.340000 
 80.050295   308.350000 
 82.831381   308.520000 
 84.698982   308.650000 
 88.888123   309.060000 
 89.086334   309.080000 
 93.067297   309.460000 
 97.026984   309.840000 
 97.859515   309.890000 
 101.560945   310.070000 
 109.017024   310.420000 
 109.216942   310.450000 
 115.585464   311.390000 
 115.651514   311.400000 
 120.324402   312.090000 
 120.988836   312.180000 
 121.569602   312.270000 
 121.896927   312.320000 
 123.315344   312.520000 
 123.657177   312.570000 
 126.535129   312.760000 
 128.318575   312.880000 
 130.766881   313.020000 
 133.586068   313.180000 
 134.675728   313.290000 
 135.938575   313.410000 
 136.771014   313.490000 
 142.617810   314.020000 
 146.404035   314.360000 
 154.899451   315.760000 
 160.156246   316.240000 
 161.292570   316.340000 
 163.517397   316.560000 
 170.052919   317.210000 
 170.052980   317.210000 
 173.038740   317.680000 
 182.786487   319.210000 
 186.871783   319.840000 
 188.725393   320.130000 
 188.811774   320.150000 
 193.639592   320.880000 
 199.083900   321.530000 
 201.065953   321.760000 
 208.813999   322.680000 
 254.707796   328.100000 
 282.366049   331.370000 
 297.117150   333.110000 
 303.570742   333.870000 
 304.800000   334.020000 
    
 44448.000000    
 0.000000   333.780000 
 0.074585   330.000000 
 0.236372   329.320000 
 0.447416   328.960000 
 0.692567   328.720000 
 0.963808   328.560000 
 1.256050   328.430000 
 1.565971   328.340000 
 1.891040   328.260000 
 2.229429   328.200000 
 2.579675   328.160000 
 2.940619   328.120000 
 3.311286   328.100000 
 3.690854   328.080000 
 4.078681   328.070000 
 4.474159   328.060000 
 4.876800   328.060000 
 5.753374   327.810000 
 6.148883   327.700000 
 6.325088   327.610000 
 6.630650   327.390000 
 8.219542   326.240000 
 8.387608   326.120000 
 10.909280   324.290000 
 11.573439   323.810000 
 12.833665   322.980000 
 13.014960   322.860000 
 15.356281   320.890000 
 16.122061   320.140000 
 16.170859   320.100000 
 18.239384   318.020000 
 21.303234   314.790000 
 24.852295   312.450000 
 24.871162   312.440000 
 25.734965   311.720000 
 26.005323   311.500000 
 28.487187   309.430000 
 30.583480   308.600000 
 31.903934   308.070000 
 35.846492   307.390000 
 37.041216   307.180000 
 41.791250   306.350000 
 41.891346   306.340000 
 44.765732   306.080000 
 52.264483   306.640000 
 55.610760   306.900000 
 66.413908   307.790000 
 68.379868   307.860000 
 69.621319   307.910000 
 74.529056   308.050000 
 77.312307   308.180000 
 79.964128   308.390000 
 81.566796   308.530000 
 82.367354   308.580000 
 85.230492   308.800000 
 87.153140   308.960000 
 91.473741   309.360000 
 91.678171   309.380000 
 95.784467   309.760000 
 99.869183   310.140000 
 100.726311   310.170000 
 104.537012   310.300000 
 112.117297   310.520000 
 112.288777   310.550000 
 117.869879   311.340000 
 117.928979   311.350000 
 122.179629   311.960000 
 122.795111   312.050000 
 123.335308   312.120000 
 123.640687   312.170000 
 124.972267   312.350000 
 125.295142   312.400000 
 127.994512   312.510000 
 129.705476   312.580000 
 132.103429   312.690000 
 134.937459   312.830000 
 135.997097   312.930000 
 137.229403   313.040000 
 138.044286   313.120000 
 143.822806   313.670000 
 147.621528   314.030000 
 156.383614   315.430000 
 161.889277   316.000000 
 163.082844   316.120000 
 165.405115   316.360000 
 172.220230   317.080000 
 172.220291   317.080000 
 175.160483   317.530000 
 184.758726   319.020000 
 188.781019   319.640000 
 190.605979   319.920000 
 190.691018   319.930000 
 195.418009   320.610000 
 200.775204   321.250000 
 202.725528   321.480000 
 210.349643   322.380000 
 255.509177   327.710000 
 282.724982   330.930000 
 297.240076   332.640000 
 303.590401   333.390000 
 304.800000   333.530000 
    
 46300.000000    
 0.000000   333.780000 
 0.074585   330.000000 
 0.236372   329.320000 
 0.447416   328.960000 
 0.692567   328.720000 
 0.963808   328.550000 
 1.256050   328.430000 
 1.565971   328.330000 
 1.891040   328.260000 
 2.229429   328.200000 
 2.579675   328.150000 
 2.940619   328.120000 
 3.311286   328.090000 
 3.690854   328.080000 
 4.078681   328.060000 
 4.474159   328.060000 
 4.876800   328.050000 
 5.771358   327.790000 
 6.175035   327.670000 
 6.354836   327.590000 
 6.666677   327.360000 
 8.287939   326.160000 
 8.459450   326.030000 
 11.032084   324.120000 
 11.709593   323.620000 
 12.994721   322.710000 
 13.179613   322.580000 
 15.567812   320.300000 
 16.350874   319.410000 
 16.400739   319.360000 
 18.517423   316.890000 
 21.656528   313.030000 
 24.458889   310.880000 
 24.473764   310.860000 
 25.156363   310.270000 
 25.370089   310.090000 
 27.334434   308.370000 
 29.606931   307.490000 
 31.035833   306.940000 
 35.644104   306.150000 
 37.040972   305.910000 
 42.596318   304.960000 
 42.713422   304.950000 
 46.076128   304.700000 
 53.829600   305.400000 
 57.291122   305.730000 
 68.473229   306.830000 
 70.399839   307.060000 
 71.604896   307.210000 
 76.208687   307.770000 
 78.789764   308.070000 
 81.273183   308.350000 
 82.765392   308.530000 
 83.488560   308.590000 
 86.049521   308.790000 
 87.750030   308.920000 
 91.519919   309.210000 
 91.696428   309.220000 
 95.172489   309.370000 
 98.547235   309.460000 
 99.258882   309.430000 
 102.441024   309.400000 
 108.713107   309.500000 
 108.913087   309.530000 
 115.427821   310.480000 
 115.496889   310.490000 
 120.466043   311.230000 
 121.186072   311.340000 
 121.817496   311.410000 
 122.174538   311.460000 
 123.732006   311.650000 
 124.109805   311.700000 
 127.276098   311.890000 
 129.281773   312.020000 
 132.091176   312.200000 
 135.409137   312.420000 
 136.519554   312.530000 
 137.811083   312.660000 
 138.665194   312.750000 
 144.723642   313.370000 
 148.708110   313.780000 
 157.886126   315.140000 
 163.629015   315.760000 
 164.873148   315.890000 
 167.292863   316.160000 
 174.387571   316.940000 
 174.387601   316.940000 
 177.282196   317.380000 
 186.730935   318.820000 
 190.690226   319.420000 
 192.486564   319.690000 
 192.570263   319.700000 
 197.196426   320.330000 
 202.466509   320.960000 
 204.385134   321.180000 
 211.885286   322.070000 
 256.310587   327.320000 
 283.083884   330.480000 
 297.362971   332.170000 
 303.610061   332.900000 
 304.800000   333.040000 
    
 48152.000000    
 0.000000   333.770000 
 0.074585   330.000000 
 0.236372   329.320000 
 0.447416   328.950000 
 0.692567   328.720000 
 0.963808   328.550000 
 1.256050   328.420000 
 1.565971   328.330000 
 1.891040   328.250000 
 2.229429   328.200000 
 2.579675   328.150000 
 2.940619   328.120000 
 3.311286   328.090000 
 3.690854   328.070000 
 4.078681   328.060000 
 4.474159   328.050000 
 4.876800   328.050000 
 5.789341   327.760000 
 6.201156   327.630000 
 6.384585   327.560000 
 6.702674   327.320000 
 8.356366   326.070000 
 8.531261   325.940000 
 11.154888   323.950000 
 11.845717   323.430000 
 13.155808   322.450000 
 13.344235   322.310000 
 15.779313   319.710000 
 16.579657   318.680000 
 16.630650   318.620000 
 18.795431   315.750000 
 22.143629   311.680000 
 24.391803   309.820000 
 24.403903   309.810000 
 24.962998   309.350000 
 25.139020   309.210000 
 26.779210   307.860000 
 29.308044   306.980000 
 30.895930   306.430000 
 36.020746   305.680000 
 37.556145   305.460000 
 43.567259   304.370000 
 43.688356   304.360000 
 47.133205   304.170000 
 54.530183   305.060000 
 57.764385   305.470000 
 67.932910   306.780000 
 69.729797   307.010000 
 70.851949   307.120000 
 75.126403   307.520000 
 77.513505   307.730000 
 79.803498   307.920000 
 81.193599   308.070000 
 81.868640   308.120000 
 84.260070   308.300000 
 85.848718   308.410000 
 89.372724   308.670000 
 89.537804   308.680000 
 92.733906   308.590000 
 95.826042   308.450000 
 96.475479   308.390000 
 99.446669   308.300000 
 105.308918   308.470000 
 105.537427   308.510000 
 112.985794   309.630000 
 113.064798   309.640000 
 118.752457   310.500000 
 119.577033   310.620000 
 120.299683   310.710000 
 120.708390   310.750000 
 122.491713   310.960000 
 122.924468   311.010000 
 126.557684   311.280000 
 128.858071   311.450000 
 132.078923   311.710000 
 135.880815   312.010000 
 137.042042   312.140000 
 138.392764   312.280000 
 139.286071   312.380000 
 145.624479   313.070000 
 149.794661   313.530000 
 159.388698   314.840000 
 165.368722   315.520000 
 166.663421   315.660000 
 169.180581   315.950000 
 176.554882   316.800000 
 176.554912   316.800000 
 179.403939   317.230000 
 188.703174   318.620000 
 192.599493   319.200000 
 194.367150   319.460000 
 194.449537   319.480000 
 198.974842   320.050000 
 204.157814   320.660000 
 206.044739   320.890000 
 213.420899   321.760000 
 257.111998   326.920000 
 283.442786   330.030000 
 297.485897   331.690000 
 303.629720   332.410000 
 304.800000   332.550000 
    
 50004.000000    
 0.000000   333.780000 
 0.074585   330.000000 
 0.236372   329.320000 
 0.447416   328.950000 
 0.692567   328.720000 
 0.963808   328.550000 
 1.256050   328.430000 
 1.565971   328.330000 
 1.891040   328.260000 
 2.229429   328.200000 
 2.579675   328.150000 
 2.940619   328.120000 
 3.311286   328.090000 
 3.690854   328.070000 
 4.078681   328.060000 
 4.474159   328.050000 
 4.876800   328.050000 
 5.826770   327.750000 
 6.256142   327.570000 
 6.447526   327.490000 
 6.779453   327.220000 
 8.508462   325.920000 
 8.691646   325.790000 
 11.446215   323.760000 
 12.173742   323.230000 
 13.555828   322.220000 
 13.754892   322.080000 
 16.344809   319.510000 
 17.218426   318.550000 
 17.274296   318.490000 
 19.658015   315.860000 
 23.233350   312.060000 
 25.388042   310.350000 
 25.399685   310.340000 
 25.935615   309.910000 
 26.104383   309.780000 
 27.676937   308.540000 
 30.363841   307.540000 
 32.052158   306.910000 
 37.172890   306.130000 
 38.707009   305.900000 
 44.686789   304.400000 
 44.799382   304.390000 
 48.002251   304.180000 
 54.897711   304.960000 
 57.911970   305.360000 
 67.386068   306.630000 
 69.059786   306.850000 
 70.098971   306.920000 
 74.044089   307.170000 
 76.237277   307.280000 
 78.333813   307.380000 
 79.621807   307.500000 
 80.248750   307.540000 
 82.470650   307.690000 
 83.947467   307.790000 
 87.225530   308.010000 
 87.379150   308.020000 
 90.295354   307.710000 
 93.104879   307.340000 
 93.692076   307.240000 
 96.452345   307.090000 
 101.904729   307.340000 
 102.161736   307.380000 
 110.543736   308.660000 
 110.632707   308.670000 
 117.038841   309.660000 
 117.967994   309.800000 
 118.781871   309.890000 
 119.242241   309.940000 
 121.251452   310.150000 
 121.739132   310.200000 
 125.839301   310.550000 
 128.434368   310.780000 
 132.066670   311.100000 
 136.352493   311.490000 
 137.564500   311.630000 
 138.974444   311.790000 
 139.906980   311.900000 
 146.525315   312.660000 
 150.881212   313.170000 
 160.891210   314.440000 
 167.108490   315.170000 
 168.453694   315.320000 
 171.068299   315.630000 
 178.722193   316.550000 
 178.722223   316.550000 
 181.525682   316.960000 
 190.675382   318.310000 
 194.508699   318.870000 
 196.212287   319.120000 
 196.291200   319.130000 
 200.717658   319.650000 
 205.815286   320.260000 
 207.671121   320.470000 
 214.925849   321.330000 
 257.897376   326.410000 
 283.794525   329.470000 
 297.606354   331.100000 
 303.649014   331.810000 
 304.800000   331.950000 
    
 51856.000000    
 0.000000   333.770000 
 0.074585   330.000000 
 0.236372   329.310000 
 0.447416   328.950000 
 0.692567   328.710000 
 0.963808   328.550000 
 1.256050   328.420000 
 1.565971   328.330000 
 1.891040   328.250000 
 2.229429   328.190000 
 2.579675   328.150000 
 2.940619   328.110000 
 3.311286   328.090000 
 3.690854   328.070000 
 4.078681   328.060000 
 4.474159   328.050000 
 4.876800   328.050000 
 5.888980   327.720000 
 6.346424   327.440000 
 6.550274   327.320000 
 6.903903   327.000000 
 8.746206   325.650000 
 8.941399   325.500000 
 11.875526   323.470000 
 12.650328   322.940000 
 14.122176   321.930000 
 14.334134   321.780000 
 17.086539   319.380000 
 18.005542   318.510000 
 18.064429   318.450000 
 20.572781   315.920000 
 24.323040   312.260000 
 26.384311   310.700000 
 26.395436   310.690000 
 26.908232   310.300000 
 27.069715   310.180000 
 28.574695   309.040000 
 31.419637   307.930000 
 33.208387   307.220000 
 38.325034   306.410000 
 39.857904   306.170000 
 45.806350   304.250000 
 45.910439   304.250000 
 48.871327   304.020000 
 55.265269   304.690000 
 58.059554   305.080000 
 66.839226   306.300000 
 68.389744   306.520000 
 69.346023   306.550000 
 72.961774   306.640000 
 74.961049   306.660000 
 76.864129   306.670000 
 78.050014   306.760000 
 78.628829   306.800000 
 80.681200   306.920000 
 82.046186   307.010000 
 85.078336   307.190000 
 85.220526   307.190000 
 87.856802   306.660000 
 90.383685   306.060000 
 90.908673   305.910000 
 93.458020   305.710000 
 98.500509   306.040000 
 98.786046   306.080000 
 108.101709   307.520000 
 108.200617   307.540000 
 115.325256   308.650000 
 116.358954   308.810000 
 117.264028   308.900000 
 117.776061   308.950000 
 120.011190   309.170000 
 120.553795   309.230000 
 125.120888   309.660000 
 128.010666   309.940000 
 132.054417   310.330000 
 136.824171   310.800000 
 138.086988   310.960000 
 139.556124   311.130000 
 140.523834   311.250000 
 147.299934   312.030000 
 151.720875   312.550000 
 161.755226   313.710000 
 167.898257   314.420000 
 169.219778   314.580000 
 171.780830   314.870000 
 179.222370   315.740000 
 179.222400   315.740000 
 181.930914   316.130000 
 190.795199   317.410000 
 194.520190   317.940000 
 196.212287   318.190000 
 196.291200   318.200000 
 200.717658   318.720000 
 205.815286   319.330000 
 207.671121   319.540000 
 214.925849   320.400000 
 257.897376   325.480000 
 283.794525   328.540000 
 297.606354   330.170000 
 303.649014   330.880000 
 304.800000   331.020000 
    
 53708.000000    
 0.000000   333.780000 
 0.074585   330.000000 
 0.236372   329.320000 
 0.447416   328.960000 
 0.692567   328.720000 
 0.963808   328.550000 
 1.256050   328.430000 
 1.565971   328.330000 
 1.891040   328.260000 
 2.229429   328.200000 
 2.579675   328.160000 
 2.940619   328.120000 
 3.311286   328.090000 
 3.690854   328.080000 
 4.078681   328.060000 
 4.474159   328.060000 
 4.876800   328.050000 
 5.951220   327.700000 
 6.436675   327.320000 
 6.653022   327.160000 
 7.028322   326.790000 
 8.983950   325.380000 
 9.191183   325.230000 
 12.304806   323.200000 
 13.126944   322.660000 
 14.688495   321.650000 
 14.913407   321.500000 
 17.828301   319.260000 
 18.792657   318.480000 
 18.854562   318.420000 
 21.487547   316.000000 
 25.412730   312.480000 
 27.380580   311.060000 
 27.391187   311.060000 
 27.880848   310.700000 
 28.035077   310.590000 
 29.472423   309.560000 
 32.475434   308.320000 
 34.364646   307.540000 
 39.477178   306.700000 
 41.008798   306.450000 
 46.925880   304.120000 
 47.021496   304.110000 
 49.740373   303.860000 
 55.632797   304.430000 
 58.207138   304.800000 
 66.292354   305.990000 
 67.719702   306.200000 
 68.593045   306.190000 
 71.879490   306.120000 
 73.684790   306.050000 
 75.394444   305.970000 
 76.478221   306.030000 
 77.008939   306.060000 
 78.891780   306.160000 
 80.144874   306.230000 
 82.931142   306.370000 
 83.061871   306.380000 
 85.418249   305.610000 
 87.662522   304.790000 
 88.125239   304.600000 
 90.525600   304.350000 
 95.402400   304.780000 
 95.735577   304.830000 
 106.397359   306.460000 
 106.508428   306.480000 
 114.393726   307.680000 
 115.519200   307.850000 
 116.503856   307.950000 
 117.059172   308.000000 
 119.468616   308.230000 
 120.049991   308.290000 
 124.889880   308.750000 
 127.901700   309.040000 
 132.052344   309.440000 
 136.855200   309.900000 
 138.108446   310.050000 
 139.563318   310.210000 
 140.523834   310.330000 
 147.299934   311.110000 
 151.720875   311.630000 
 161.755226   312.790000 
 167.898257   313.500000 
 169.219778   313.660000 
 171.780830   313.950000 
 179.222370   314.820000 
 179.222400   314.820000 
 181.930914   315.210000 
 190.795199   316.490000 
 194.520190   317.020000 
 196.212287   317.270000 
 196.291200   317.280000 
 200.717658   317.800000 
 205.815286   318.410000 
 207.671121   318.620000 
 214.925849   319.480000 
 257.897376   324.560000 
 283.794525   327.620000 
 297.606354   329.250000 
 303.649014   329.960000 
 304.800000   330.100000 
    
 55560.000000    
 0.000000   333.770000 
 0.074585   330.000000 
 0.236372   329.310000 
 0.447416   328.950000 
 0.692567   328.720000 
 0.963808   328.550000 
 1.256050   328.420000 
 1.565971   328.330000 
 1.891040   328.250000 
 2.229429   328.200000 
 2.579675   328.150000 
 2.940619   328.120000 
 3.311286   328.090000 
 3.690854   328.070000 
 4.078681   328.060000 
 4.474159   328.050000 
 4.876800   328.050000 
 6.013430   327.670000 
 6.526957   327.200000 
 6.755770   326.980000 
 7.152772   326.570000 
 9.221694   325.110000 
 9.440936   324.950000 
 12.734117   322.910000 
 13.603529   322.370000 
 15.254844   321.350000 
 15.492649   321.210000 
 18.570031   319.130000 
 19.579773   318.430000 
 19.644665   318.380000 
 22.402343   316.060000 
 26.502421   312.690000 
 28.376819   311.420000 
 28.386938   311.410000 
 28.853465   311.100000 
 29.000409   311.000000 
 30.370150   310.070000 
 33.531231   308.710000 
 35.520874   307.850000 
 40.629322   306.980000 
 42.159692   306.720000 
 48.045441   303.980000 
 48.132553   303.970000 
 50.609419   303.700000 
 56.000355   304.160000 
 58.354722   304.520000 
 65.745512   305.660000 
 67.056000   305.860000 
 67.888470   305.780000 
 71.095240   305.480000 
 72.912732   305.310000 
 74.676000   305.150000 
 75.739264   305.190000 
 76.262271   305.220000 
 78.125604   305.300000 
 79.372541   305.350000 
 82.164357   305.480000 
 82.296000   305.480000 
 84.931636   304.660000 
 87.537127   303.840000 
 88.087200   303.670000 
 90.525600   303.420000 
 95.402400   303.850000 
 95.735577   303.900000 
 106.397359   305.530000 
 106.508428   305.550000 
 114.393726   306.750000 
 115.519200   306.920000 
 116.503856   307.020000 
 117.059172   307.070000 
 119.468616   307.300000 
 120.049991   307.360000 
 124.889880   307.820000 
 127.901700   308.110000 
 132.052344   308.510000 
 136.855200   308.970000 
 138.108446   309.120000 
 139.563318   309.280000 
 140.523834   309.400000 
 147.299934   310.180000 
 151.720875   310.700000 
 161.755226   311.860000 
 167.898257   312.570000 
 169.219778   312.730000 
 171.780830   313.020000 
 179.222370   313.890000 
 179.222400   313.890000 
 181.930914   314.280000 
 190.795199   315.560000 
 194.520190   316.090000 
 196.212287   316.340000 
 196.291200   316.350000 
 200.717658   316.870000 
 205.815286   317.480000 
 207.671121   317.690000 
 214.925849   318.550000 
 257.897376   323.630000 
 283.794525   326.690000 
 297.606354   328.320000 
 303.649014   329.030000 
 304.800000   329.170000 
    
 57412.000000    
 0.000000   333.780000 
 0.074585   330.000000 
 0.236372   329.320000 
 0.447416   328.960000 
 0.692567   328.720000 
 0.963808   328.550000 
 1.256050   328.430000 
 1.565971   328.330000 
 1.891040   328.260000 
 2.229429   328.200000 
 2.579675   328.160000 
 2.940619   328.120000 
 3.311286   328.100000 
 3.690854   328.080000 
 4.078681   328.060000 
 4.474159   328.060000 
 4.876800   328.060000 
 6.075670   327.660000 
 6.617208   327.080000 
 6.858518   326.820000 
 7.277191   326.360000 
 9.459438   324.840000 
 9.690689   324.680000 
 13.163398   322.630000 
 14.080145   322.090000 
 15.821193   321.070000 
 16.071891   320.920000 
 19.311762   319.020000 
 20.366888   318.400000 
 20.434798   318.350000 
 23.299430   316.110000 
 27.432000   312.740000 
 29.201791   311.560000 
 29.211361   311.560000 
 29.652681   311.260000 
 29.791731   311.170000 
 31.089600   310.300000 
 34.278265   308.720000 
 36.271200   307.730000 
 41.196311   306.660000 
 42.672000   306.340000 
 48.463200   303.350000 
 48.545740   303.340000 
 50.901600   303.040000 
 56.083200   303.390000 
 58.380721   303.710000 
 65.735210   304.750000 
 67.056000   304.940000 
 67.888470   304.860000 
 71.095240   304.560000 
 72.912732   304.390000 
 74.676000   304.230000 
 75.739264   304.270000 
 76.262271   304.300000 
 78.125604   304.380000 
 79.372541   304.430000 
 82.164357   304.560000 
 82.296000   304.560000 
 84.931636   303.740000 
 87.537127   302.920000 
 88.087200   302.750000 
 90.525600   302.500000 
 95.402400   302.930000 
 95.735577   302.980000 
 106.397359   304.610000 
 106.508428   304.630000 
 114.393726   305.830000 
 115.519200   306.000000 
 116.503856   306.100000 
 117.059172   306.150000 
 119.468616   306.380000 
 120.049991   306.440000 
 124.889880   306.900000 
 127.901700   307.190000 
 132.052344   307.590000 
 136.855200   308.050000 
 138.108446   308.200000 
 139.563318   308.360000 
 140.523834   308.480000 
 147.299934   309.260000 
 151.720875   309.780000 
 161.755226   310.940000 
 167.898257   311.650000 
 169.219778   311.810000 
 171.780830   312.100000 
 179.222370   312.970000 
 179.222400   312.970000 
 181.930914   313.360000 
 190.795199   314.640000 
 194.520190   315.170000 
 196.212287   315.420000 
 196.291200   315.430000 
 200.717658   315.950000 
 205.815286   316.560000 
 207.671121   316.770000 
 214.925849   317.630000 
 257.897376   322.710000 
 283.794525   325.770000 
 297.606354   327.400000 
 303.649014   328.110000 
 304.800000   328.250000 
    
 59264.000000    
 0.000000   333.780000 
 0.074585   330.000000 
 0.236372   329.320000 
 0.447416   328.960000 
 0.692567   328.720000 
 0.963808   328.550000 
 1.256050   328.430000 
 1.565971   328.330000 
 1.891040   328.260000 
 2.229429   328.200000 
 2.579675   328.160000 
 2.940619   328.120000 
 3.311286   328.100000 
 3.690854   328.080000 
 4.078681   328.060000 
 4.474159   328.060000 
 4.876800   328.060000 
 6.096000   327.630000 
 6.645829   327.010000 
 6.890644   326.740000 
 7.315200   326.260000 
 9.520519   324.690000 
 9.753600   324.530000 
 13.245876   322.440000 
 14.164239   321.890000 
 15.904281   320.840000 
 16.154400   320.690000 
 19.376563   318.770000 
 20.421600   318.140000 
 20.488107   318.090000 
 23.299430   315.790000 
 27.432000   312.420000 
 29.201791   311.240000 
 29.211361   311.240000 
 29.652681   310.940000 
 29.791731   310.850000 
 31.089600   309.980000 
 34.278265   308.400000 
 36.271200   307.410000 
 41.196311   306.340000 
 42.672000   306.020000 
 48.463200   303.030000 
 48.545740   303.020000 
 50.901600   302.720000 
 56.083200   303.070000 
 58.380721   303.390000 
 65.735210   304.430000 
 67.056000   304.620000 
 67.888470   304.540000 
 71.095240   304.240000 
 72.912732   304.070000 
 74.676000   303.910000 
 75.739264   303.950000 
 76.262271   303.980000 
 78.125604   304.060000 
 79.372541   304.110000 
 82.164357   304.240000 
 82.296000   304.240000 
 84.931636   303.420000 
 87.537127   302.600000 
 88.087200   302.430000 
 90.525600   302.180000 
 95.402400   302.610000 
 95.735577   302.660000 
 106.397359   304.290000 
 106.508428   304.310000 
 114.393726   305.510000 
 115.519200   305.680000 
 116.503856   305.780000 
 117.059172   305.830000 
 119.468616   306.060000 
 120.049991   306.120000 
 124.889880   306.580000 
 127.901700   306.870000 
 132.052344   307.270000 
 136.855200   307.730000 
 138.108446   307.880000 
 139.563318   308.040000 
 140.523834   308.160000 
 147.299934   308.940000 
 151.720875   309.460000 
 161.755226   310.620000 
 167.898257   311.330000 
 169.219778   311.490000 
 171.780830   311.780000 
 179.222370   312.650000 
 179.222400   312.650000 
 181.930914   313.040000 
 190.795199   314.320000 
 194.520190   314.850000 
 196.212287   315.100000 
 196.291200   315.110000 
 200.717658   315.630000 
 205.815286   316.240000 
 207.671121   316.450000 
 214.925849   317.310000 
 257.897376   322.390000 
 283.794525   325.450000 
 297.606354   327.080000 
 303.649014   327.790000 
 304.800000   327.930000 

    
 0              	! terrain points 

 1 			 ! nparm                 
 15 1 1   50    50.0001   128 ! m-defecit
 12 1 1   10  300    128 ! base heigth refraction deficit
 14 1 1   300  400   128 ! offset
 13 1 1   1    100   128 ! thickness
 17 1 1   0    0.2   128 ! slope mixed layer
 17 2 1   0    0.2   128 ! slope free layer
 18 1 1   -10  10    128 ! clutter cross section
 18 1 2   -10  10    128 ! clutter cross section
 18 1 3   -10  10    128 ! clutter cross section
 18 1 4   -10  10    128 ! clutter cross section
 18 1 5   -10  10    128 ! clutter cross section
