!TPEM optimizing for the tri-linear profiles (fig 6)                             
! M-defecit (M-units)                           0.0000000
  10800.0      35.6731    
  11400.0      34.5079    
  12000.0      33.3307    
  12600.0      31.5426    
  13200.0      29.7446    
  13800.0      27.5377    
  14400.0      25.1225    
  15000.0      22.6998    
  15600.0      20.2701    
  16200.0      18.0340    
  16800.0      15.7920    
  17400.0      13.7444    
  18000.0      12.0916    
  18600.0      10.6340    
  19200.0      9.37191    
  19800.0      8.70552    
  20400.0      8.43520    
  21000.0      8.96108    
  21600.0      10.2834    
  22200.0      12.2024    
  22800.0      14.5182    
  23400.0      16.8311    
  24000.0      19.1410    
  24600.0      21.2482    
  25200.0      23.3529    
  25800.0      25.2551    
  26400.0      27.1549    
  27000.0      28.4525    
  27600.0      29.1480    
  28200.0      29.4414    
  28800.0      29.3328    
  29400.0      28.8224    
  30000.0      28.3101    
  30600.0      27.9961    
  31200.0      27.6804    
  31800.0      27.5632    
  32400.0      27.2444    
  33000.0      26.9240    
  33600.0      26.8023    
  34200.0      26.4792    
  34800.0      26.1547    
  35400.0      25.4289    
  36000.0      24.3019    
  36600.0      22.5737    
  37200.0      19.8443    
  37800.0      16.1138    
  38400.0      11.5822    
  39000.0      6.64952    
  39600.0      2.31584    
  40200.0           0.    
  40800.0     0.245502    
  41400.0      3.50890    
  42000.0      7.77138    
  42600.0      12.0330    
  43200.0      15.6937    
  43800.0      18.7536    
  44400.0      21.2127    
  45000.0      23.0710    
  45600.0      24.7285    
  46200.0      26.1853    
  46800.0      27.2414    
  47400.0      27.8967    
  48000.0      28.5513    
  48600.0      28.8053    
  49200.0      28.6585    
  49800.0      28.3112    
  50400.0      27.5632    
  51000.0      26.2146    
  51600.0      24.6654    
  52200.0      22.7156    
  52800.0      20.3652    
  53400.0      17.8143    
  54000.0      14.8628    
  54600.0      11.7108    
  55200.0      8.75829    
  55800.0      7.00524    
  56400.0      7.25167    
  57000.0      9.29763    
  57600.0      11.9431    
  58200.0      14.7881    
  58800.0      17.0327    
  59400.0      19.0767    
  60000.0      20.9204    
