 OUTPUT FROM SAGA
    0
    0    0
    1    0    0
    0    0
   118.74015808105468750000000000    0    0 10.0    0
     0.00000000000000000000000000  1480.00000000000000000000000000
   118.74015808105468750000000000  1460.00000000000000000000000000
    23.54330825805664062500000000     1.44960629940032958984375000    -0.23000000000000000999200722
     0.00000000000000000000000000  1511.81103515625000000000000000
    23.54330825805664062500000000  1642.91333007812500000000000000
     1.60000002384185791015625000    -0.23000000000000000999200722  1752.75585937500000000000000000
    0    0
 PULSE
  256    25.00000000000000000000000000   500.00000000000000000000000000 -1280.00000000000000000000000000
     5.34645654296874983657517078     5.34645654296874983657517078    1
     1.00000000000000000000000000    99.99990081787109375000000000  100
    24.33070755004882812500000000
