MAPEX2K data on horizontal array! comments
W F E e p
1000 32 10
0.8 0.5 0.05
T                      ! Gama options
-1 0                   ! frequencies
10.000 240.000 760.000 ! 10 Hz bandfrequencies

1 1
1 0 0
130.3000  0.0  0.0 20.0  0.0  ! bathymetry
0.0000 1508.6530
5.2000 1508.6530
69.6000 1509.9090
101.7000 1512.000
130.3000 1512.3000
4.3000 1.5000 0.4000
0.0000 1559.0000
4.3000 1559.0000
1.8000 0.4000 1637.0000
0.0000 0.0000

55.0000                           ! source depth
50.0000 50.0000 1.0000 0.0000     ! rec depths
-128.0000
300.0000 554.0000

10
11 1 1 1450 1700 128
11 2 1 0 250 128
11 3 1 0 1 128
11 4 1 1.050000e+00 2.500000e+00 128
17 1 1 1.000000e-01 20 128
9 1 1 295 307 128
8 1 1 55 57 128
1 1 1 129 131 128
15 1 1 49 57 128
21 1 1 -2 2 128
