! File format: Hydrophone vectors
 TPEM simple example  (fig4a)                                
   1000.000               1
          50
      3.96
      5.92
      7.88
      9.84
     11.80
     13.76
     15.72
     17.68
     19.64
     21.60
     23.56
     25.52
     27.48
     29.44
     31.40
     33.36
     35.32
     37.28
     39.24
     41.20
     43.16
     45.12
     47.08
     49.04
     51.00
     52.96
     54.92
     56.88
     58.84
     60.80
     62.76
     64.72
     66.68
     68.64
     70.60
     72.56
     74.52
     76.48
     78.44
     80.40
     82.36
     84.32
     86.28
     88.24
     90.20
     92.16
     94.12
     96.08
     98.04
    100.00
           1 (-2.8241637E-08,-2.9894240E-09)
           2 (-5.3756843E-08,-5.5542313E-09)
           3 (-7.4757274E-08,-8.1050331E-09)
           4 (-8.9315790E-08,-9.4027479E-09)
           5 (-9.6236498E-08,-9.8851842E-09)
           6 (-9.4943310E-08,-8.6542116E-09)
           7 (-8.5450743E-08,-5.4983027E-09)
           8 (-6.8819929E-08,-7.6245643E-10)
           9 (-4.5647596E-08,5.9858865E-09)
          10 (-1.8187844E-08,1.3334914E-08)
          11 (1.0767796E-08,2.0859760E-08)
          12 (3.8535841E-08,2.6870998E-08)
          13 (6.1423819E-08,2.9657404E-08)
          14 (7.6765794E-08,2.8162415E-08)
          15 (8.1332551E-08,2.0763117E-08)
          16 (7.4078599E-08,7.6267836E-09)
          17 (5.5248893E-08,-1.0954594E-08)
          18 (2.5616774E-08,-3.3434077E-08)
          19 (-1.1229179E-08,-5.7215754E-08)
          20 (-5.1749545E-08,-7.9710361E-08)
          21 (-9.0907498E-08,-9.7457999E-08)
          22 (-1.2446071E-07,-1.0754530E-07)
          23 (-1.4865444E-07,-1.0759769E-07)
          24 (-1.5955362E-07,-9.6039059E-08)
          25 (-1.5601638E-07,-7.3175613E-08)
          26 (-1.3702252E-07,-4.0755815E-08)
          27 (-1.0350458E-07,-2.3546731E-09)
          28 (-5.7381573E-08,3.6586552E-08)
          29 (-1.7451212E-09,7.0304793E-08)
          30 (5.8618966E-08,9.2332364E-08)
          31 (1.1966414E-07,9.7499068E-08)
          32 (1.7606027E-07,8.2712027E-08)
          33 (2.2284878E-07,4.6916885E-08)
          34 (2.5564415E-07,-6.7630062E-09)
          35 (2.7097101E-07,-7.3240997E-08)
          36 (2.6684665E-07,-1.4424546E-07)
          37 (2.4236039E-07,-2.1005431E-07)
          38 (1.9906793E-07,-2.6137894E-07)
          39 (1.4047019E-07,-2.8861712E-07)
          40 (7.1441555E-08,-2.8584304E-07)
          41 (-2.0500543E-09,-2.4900521E-07)
          42 (-7.2780445E-08,-1.7840905E-07)
          43 (-1.3387543E-07,-7.8661728E-08)
          44 (-1.7890009E-07,4.3056069E-08)
          45 (-2.0272351E-07,1.7489373E-07)
          46 (-2.0177971E-07,3.0483201E-07)
          47 (-1.7445362E-07,4.1944665E-07)
          48 (-1.2329754E-07,5.0672884E-07)
          49 (-5.2494041E-08,5.5792458E-07)
          50 (3.0006611E-08,5.6632649E-07)
