! File format: Hydrophone vectors
! Range (km)                                90000.0000000
! Height (m)                                   50.0000000
 TPEM simple example  (fig4a)                                
    1000.000  1  1
   50
      1.98
      2.96
      3.94
      4.92
      5.90
      6.88
      7.86
      8.84
      9.82
     10.80
     11.78
     12.76
     13.74
     14.72
     15.70
     16.68
     17.66
     18.64
     19.62
     20.60
     21.58
     22.56
     23.54
     24.52
     25.50
     26.48
     27.46
     28.44
     29.42
     30.40
     31.38
     32.36
     33.34
     34.32
     35.30
     36.28
     37.26
     38.24
     39.22
     40.20
     41.18
     42.16
     43.14
     44.12
     45.10
     46.08
     47.06
     48.04
     49.02
     50.00
   1  (    3.22324E-08,   -5.16063E-08)    6.08452E-08
   2  (    6.41150E-08,   -1.02983E-07)    1.21311E-07
   3  (    9.51539E-08,   -1.54324E-07)    1.81301E-07
   4  (    1.25665E-07,   -2.05710E-07)    2.41057E-07
   5  (    1.55243E-07,   -2.56848E-07)    3.00119E-07
   6  (    1.83309E-07,   -3.07581E-07)    3.58062E-07
   7  (    2.09447E-07,   -3.58139E-07)    4.14887E-07
   8  (    2.33508E-07,   -4.07914E-07)    4.70021E-07
   9  (    2.55529E-07,   -4.56987E-07)    5.23576E-07
   10  (    2.75132E-07,   -5.05280E-07)    5.75331E-07
   11  (    2.91745E-07,   -5.52312E-07)    6.24631E-07
   12  (    3.05031E-07,   -5.97650E-07)    6.70991E-07
   13  (    3.15139E-07,   -6.41294E-07)    7.14542E-07
   14  (    3.21998E-07,   -6.82917E-07)    7.55022E-07
   15  (    3.25302E-07,   -7.21861E-07)    7.91774E-07
   16  (    3.24799E-07,   -7.57823E-07)    8.24494E-07
   17  (    3.20128E-07,   -7.90469E-07)    8.52833E-07
   18  (    3.11977E-07,   -8.19305E-07)    8.76693E-07
   19  (    3.00169E-07,   -8.43785E-07)    8.95586E-07
   20  (    2.84600E-07,   -8.63652E-07)    9.09336E-07
   21  (    2.65157E-07,   -8.78417E-07)    9.17565E-07
   22  (    2.42003E-07,   -8.87315E-07)    9.19725E-07
   23  (    2.15665E-07,   -8.90348E-07)    9.16096E-07
   24  (    1.86322E-07,   -8.87285E-07)    9.06637E-07
   25  (    1.53757E-07,   -8.77316E-07)    8.90688E-07
   26  (    1.18223E-07,   -8.60424E-07)    8.68508E-07
   27  (    8.00005E-08,   -8.36594E-07)    8.40410E-07
   28  (    3.97433E-08,   -8.05619E-07)    8.06599E-07
   29  (   -2.42742E-09,   -7.67403E-07)    7.67407E-07
   30  (   -4.64480E-08,   -7.22252E-07)    7.23744E-07
   31  (   -9.21823E-08,   -6.70177E-07)    6.76488E-07
   32  (   -1.38730E-07,   -6.11497E-07)    6.27036E-07
   33  (   -1.85764E-07,   -5.46695E-07)    5.77394E-07
   34  (   -2.32996E-07,   -4.76468E-07)    5.30385E-07
   35  (   -2.80075E-07,   -4.00985E-07)    4.89113E-07
   36  (   -3.26833E-07,   -3.21054E-07)    4.58144E-07
   37  (   -3.72175E-07,   -2.37805E-07)    4.41662E-07
   38  (   -4.15694E-07,   -1.51781E-07)    4.42537E-07
   39  (   -4.57124E-07,   -6.38744E-08)    4.61565E-07
   40  (   -4.96137E-07,    2.48683E-08)    4.96760E-07
   41  (   -5.32205E-07,    1.13359E-07)    5.44144E-07
   42  (   -5.64508E-07,    2.00828E-07)    5.99167E-07
   43  (   -5.92542E-07,    2.85905E-07)    6.57912E-07
   44  (   -6.16395E-07,    3.67726E-07)    7.17750E-07
   45  (   -6.35641E-07,    4.45378E-07)    7.76145E-07
   46  (   -6.49835E-07,    5.17855E-07)    8.30939E-07
   47  (   -6.58381E-07,    5.84003E-07)    8.80071E-07
   48  (   -6.61288E-07,    6.43080E-07)    9.22417E-07
   49  (   -6.58458E-07,    6.94579E-07)    9.57083E-07
   50  (   -6.50172E-07,    7.37586E-07)    9.83238E-07
