! File format: Hydrophone vectors
 TPEM optimizing for the tri-linear profiles (fig 6)         
   1000.000               1
          50
      3.96
      5.92
      7.88
      9.84
     11.80
     13.76
     15.72
     17.68
     19.64
     21.60
     23.56
     25.52
     27.48
     29.44
     31.40
     33.36
     35.32
     37.28
     39.24
     41.20
     43.16
     45.12
     47.08
     49.04
     51.00
     52.96
     54.92
     56.88
     58.84
     60.80
     62.76
     64.72
     66.68
     68.64
     70.60
     72.56
     74.52
     76.48
     78.44
     80.40
     82.36
     84.32
     86.28
     88.24
     90.20
     92.16
     94.12
     96.08
     98.04
    100.00
           1 (6.5160656E-08,-1.0462660E-07)
           2 (1.2751109E-07,-2.0885396E-07)
           3 (1.8553126E-07,-3.1199122E-07)
           4 (2.3566442E-07,-4.1322031E-07)
           5 (2.7688324E-07,-5.1099886E-07)
           6 (3.0620353E-07,-6.0333650E-07)
           7 (3.2263810E-07,-6.8803456E-07)
           8 (3.2508828E-07,-7.6195209E-07)
           9 (3.1206613E-07,-8.2208567E-07)
          10 (2.8455290E-07,-8.6492832E-07)
          11 (2.4174909E-07,-8.8706878E-07)
          12 (1.8565288E-07,-8.8573779E-07)
          13 (1.1690459E-07,-8.5799252E-07)
          14 (3.7663362E-08,-8.0279437E-07)
          15 (-4.9140489E-08,-7.1952093E-07)
          16 (-1.4168783E-07,-6.0925959E-07)
          17 (-2.3559247E-07,-4.7491224E-07)
          18 (-3.2848124E-07,-3.2021347E-07)
          19 (-4.1583388E-07,-1.5154363E-07)
          20 (-4.9452427E-07,2.4680244E-08)
          21 (-5.6121831E-07,2.0028665E-07)
          22 (-6.1180651E-07,3.6677878E-07)
          23 (-6.4452848E-07,5.1638244E-07)
          24 (-6.5592752E-07,6.4084560E-07)
          25 (-6.4538887E-07,7.3447541E-07)
          26 (-6.1146847E-07,7.9210162E-07)
          27 (-5.5460725E-07,8.1141860E-07)
          28 (-4.7665785E-07,7.9265783E-07)
          29 (-3.7902274E-07,7.3763965E-07)
          30 (-2.6635146E-07,6.5192853E-07)
          31 (-1.4211692E-07,5.4185909E-07)
          32 (-1.2591096E-08,4.1640484E-07)
          33 (1.1669287E-07,2.8511477E-07)
          34 (2.3960772E-07,1.5744295E-07)
          35 (3.4916226E-07,4.3308518E-08)
          36 (4.4084203E-07,-4.9997272E-08)
          37 (5.0884069E-07,-1.1604075E-07)
          38 (5.5082518E-07,-1.5154029E-07)
          39 (5.6443923E-07,-1.5595668E-07)
          40 (5.5015926E-07,-1.3118633E-07)
          41 (5.1085823E-07,-8.2748464E-08)
          42 (4.4977511E-07,-1.7413303E-08)
          43 (3.7402927E-07,5.5692446E-08)
          44 (2.8970891E-07,1.2688385E-07)
          45 (2.0547297E-07,1.8680197E-07)
          46 (1.2856128E-07,2.2664668E-07)
          47 (6.5689868E-08,2.4010390E-07)
          48 (2.3171912E-08,2.2289542E-07)
          49 (3.1836427E-09,1.7403596E-07)
          50 (7.6878788E-09,9.5803024E-08)
