! Refection coefficient.                                                         
! Depth                                           30.0000
! P-velocity                                    2000.0000
! P-velocity                                    2500.0000
 1 1 1 (0.000570046424,0.) 1
 1 1 2 (0.00156897306,0.) 2
 1 1 3 (0.00313177798,0.) 3
 1 1 4 (0.0046824473,0.) 4
 1 1 5 (0.00621422892,0.) 5
 1 1 6 (0.00772502692,0.) 6
 1 1 7 (0.00920703728,0.) 7
 1 1 8 (0.0106558194,0.) 8
 1 1 9 (0.0120700411,0.) 9
 1 1 10 (0.0134452535,0.) 10
 1 1 11 (0.0147806434,0.) 11
 1 1 12 (0.0160733126,0.) 12
 1 1 13 (0.017324524,0.) 13
 1 1 14 (0.0185321607,0.) 14
 1 1 15 (0.0197000876,0.) 15
 1 1 16 (0.0208264515,0.) 16
 1 1 17 (0.0219172053,0.) 17
 1 1 18 (0.0229733624,0.) 18
 1 1 19 (0.0239964575,0.) 19
 1 1 20 (0.0249932352,0.) 20
 1 1 21 (0.0259647239,0.) 21
 1 1 22 (0.026920801,0.) 22
 1 1 23 (0.0278619789,0.) 23
 1 1 24 (0.0287952833,0.) 24
 1 1 25 (0.029728787,0.) 25
 1 1 26 (0.0306679662,0.) 26
 1 1 27 (0.0316203833,0.) 27
 1 1 28 (0.0325964876,0.) 28
 1 1 29 (0.033601243,0.) 29
 1 1 30 (0.0346513763,0.) 30
 1 1 31 (0.0357552618,0.) 31
 1 1 32 (0.0369273089,0.) 32
 1 1 33 (0.0381876752,0.) 33
 1 1 34 (0.0395500287,0.) 34
 1 1 35 (0.0410452895,0.) 35
 1 1 36 (0.0427000076,0.) 36
 1 1 37 (0.0445522815,0.) 37
 1 1 38 (0.0466486812,0.) 38
 1 1 39 (0.0490539595,0.) 39
 1 1 40 (0.0518464297,0.) 40
 1 1 41 (0.0551398396,0.) 41
 1 1 42 (0.0590830483,0.) 42
 1 1 43 (0.0638958663,0.) 43
 1 1 44 (0.0698955283,0.) 44
 1 1 45 (0.0775633752,0.) 45
 1 1 46 (0.0876599178,0.) 46
 1 1 47 (0.10144043,0.) 47
 1 1 48 (0.12110538,0.) 48
 1 1 49 (0.150796786,0.) 49
 1 1 50 (0.198978469,0.) 50
 1 1 51 (0.284849972,0.) 51
 1 1 52 (0.456861228,0.) 52
 1 1 53 (0.837139845,0.) 53
 1 1 54 (1.47511017,0.) 54
 1 1 55 (1.30438077,0.) 55
 1 1 56 (0.674669683,0.) 56
 1 1 57 (0.375672698,0.) 57
 1 1 58 (0.257124364,0.) 58
 1 1 59 (0.242764518,0.) 59
 1 1 60 (1.40729797,0.) 60
 1 1 61 (2.17402577,0.) 61
 1 1 62 (2.68375373,0.) 62
 1 1 63 (3.10929203,0.) 63
 1 1 64 (3.50258136,0.) 64
 1 1 65 (3.88601184,0.) 65
 1 1 66 (4.27064466,0.) 66
 1 1 67 (4.66214848,0.) 67
 1 1 68 (5.06320477,0.) 68
 1 1 69 (5.47455406,0.) 69
 1 1 70 (5.895576,0.) 70
 1 1 71 (6.32459354,0.) 71
 1 1 72 (6.75904274,0.) 72
 1 1 73 (7.19564247,0.) 73
 1 1 74 (7.63045549,0.) 74
 1 1 75 (8.05910683,0.) 75
 1 1 76 (8.4768858,0.) 76
 1 1 77 (8.87896156,0.) 77
 1 1 78 (9.26062202,0.) 78
 1 1 79 (9.61751556,0.) 79
 1 1 80 (9.94592094,0.) 80
 1 1 81 (10.2429628,0.) 81
 1 1 82 (10.5068169,0.) 82
 1 1 83 (10.7367363,0.) 83
 1 1 84 (10.9331341,0.) 84
 1 1 85 (11.0973988,0.) 85
 1 1 86 (11.2317772,0.) 86
 1 1 87 (11.3391228,0.) 87
 1 1 88 (11.4226637,0.) 88
 1 1 89 (11.4857969,0.) 89
 1 1 90 (11.5318794,0.) 90
 1 1 91 (11.5641165,0.) 91
 1 1 92 (11.585453,0.) 92
 1 1 93 (11.5984964,0.) 93
 1 1 94 (11.6054974,0.) 94
 1 1 95 (11.6083832,0.) 95
 1 1 96 (11.608717,0.) 96
 1 1 97 (11.6077385,0.) 97
 1 1 98 (11.6063805,0.) 98
 1 1 99 (11.6053085,0.) 99
 1 1 100 (11.6049118,0.) 100
 2 1 1 (0.000570046424,0.) 101
 2 1 2 (0.001569491,0.) 102
 2 1 3 (0.00313307298,0.) 103
 2 1 4 (0.00468529807,0.) 104
 2 1 5 (0.0062183761,0.) 105
 2 1 6 (0.00772943487,0.) 106
 2 1 7 (0.00921274442,0.) 107
 2 1 8 (0.0106628248,0.) 108
 2 1 9 (0.0120778279,0.) 109
 2 1 10 (0.0134548619,0.) 110
 2 1 11 (0.0147915529,0.) 111
 2 1 12 (0.0160860438,0.) 112
 2 1 13 (0.0173382983,0.) 113
 2 1 14 (0.0185490586,0.) 114
 2 1 15 (0.0197182894,0.) 115
 2 1 16 (0.0208480395,0.) 116
 2 1 17 (0.0219403598,0.) 117
 2 1 18 (0.022999905,0.) 118
 2 1 19 (0.0240256097,0.) 119
 2 1 20 (0.0250265598,0.) 120
 2 1 21 (0.0260050874,0.) 121
 2 1 22 (0.0269653425,0.) 122
 2 1 23 (0.027914606,0.) 123
 2 1 24 (0.0288570412,0.) 124
 2 1 25 (0.0298015047,0.) 125
 2 1 26 (0.0307524316,0.) 126
 2 1 27 (0.03172208,0.) 127
 2 1 28 (0.0327161998,0.) 128
 2 1 29 (0.033746291,0.) 129
 2 1 30 (0.0348277688,0.) 130
 2 1 31 (0.0359700695,0.) 131
 2 1 32 (0.0371938683,0.) 132
 2 1 33 (0.0385190845,0.) 133
 2 1 34 (0.0399698392,0.) 134
 2 1 35 (0.0415844247,0.) 135
 2 1 36 (0.0433993563,0.) 136
 2 1 37 (0.0454747975,0.) 137
 2 1 38 (0.0478893667,0.) 138
 2 1 39 (0.050755471,0.) 139
 2 1 40 (0.0542346723,0.) 140
 2 1 41 (0.058588706,0.) 141
 2 1 42 (0.0642339736,0.) 142
 2 1 43 (0.0719223469,0.) 143
 2 1 44 (0.0830871984,0.) 144
 2 1 45 (0.100888774,0.) 145
 2 1 46 (0.133529499,0.) 146
 2 1 47 (0.208803132,0.) 147
 2 1 48 (0.477395326,0.) 148
 2 1 49 (3.29494691,0.) 149
 2 1 50 (1.418841,0.) 150
 2 1 51 (0.363377869,0.) 151
 2 1 52 (0.237859115,0.) 152
 2 1 53 (0.236935288,0.) 153
 2 1 54 (0.30440414,0.) 154
 2 1 55 (0.492600977,0.) 155
 2 1 56 (1.04543066,0.) 156
 2 1 57 (2.15958166,0.) 157
 2 1 58 (1.26357019,0.) 158
 2 1 59 (0.598902047,0.) 159
 2 1 60 (1.77736044,0.) 160
 2 1 61 (2.38477325,0.) 161
 2 1 62 (2.77649999,0.) 162
 2 1 63 (3.18562365,0.) 163
 2 1 64 (3.67943406,0.) 164
 2 1 65 (4.2952528,0.) 165
 2 1 66 (5.06249237,0.) 166
 2 1 67 (6.0051775,0.) 167
 2 1 68 (7.13578892,0.) 168
 2 1 69 (8.43879032,0.) 169
 2 1 70 (9.83738041,0.) 170
 2 1 71 (11.143631,0.) 171
 2 1 72 (12.0503054,0.) 172
 2 1 73 (12.3006611,0.) 173
 2 1 74 (11.940402,0.) 174
 2 1 75 (11.2497005,0.) 175
 2 1 76 (10.4803085,0.) 176
 2 1 77 (9.76266098,0.) 177
 2 1 78 (9.14262199,0.) 178
 2 1 79 (8.62643433,0.) 179
 2 1 80 (8.20535278,0.) 180
 2 1 81 (7.86641884,0.) 181
 2 1 82 (7.59665775,0.) 182
 2 1 83 (7.38446951,0.) 183
 2 1 84 (7.21990108,0.) 184
 2 1 85 (7.0945797,0.) 185
 2 1 86 (7.0014739,0.) 186
 2 1 87 (6.93465662,0.) 187
 2 1 88 (6.88909626,0.) 188
 2 1 89 (6.8605175,0.) 189
 2 1 90 (6.84522438,0.) 190
 2 1 91 (6.84004736,0.) 191
 2 1 92 (6.84224796,0.) 192
 2 1 93 (6.84945011,0.) 193
 2 1 94 (6.85963392,0.) 194
 2 1 95 (6.87108135,0.) 195
 2 1 96 (6.88235378,0.) 196
 2 1 97 (6.892313,0.) 197
 2 1 98 (6.90005207,0.) 198
 2 1 99 (6.90494967,0.) 199
 2 1 100 (6.90661955,0.) 200
