 estimated covariance matrices using dpss
 95.000000     0.000 dB
 15
 99.500000
 94.500000
 89.500000
 79.500000
 74.500000
 69.500000
 64.500000
 59.500000
 54.500000
 49.500000
 44.500000
 39.500000
 34.500000
 29.500000
 24.500000
         1         1 (1.356025E+01,0.000000E+00) 
         1         2 (5.122559E+00,-1.481865E+00) 
         1         3 (2.215705E+00,-1.567772E+01) 
         1         4 (2.224413E+01,-9.276053E+00) 
         1         5 (-4.808051E+00,-7.233251E+00) 
         1         6 (-9.037076E+00,4.689578E+00) 
         1         7 (-5.877051E+00,1.133688E+01) 
         1         8 (-1.152569E+01,5.011791E-01) 
         1         9 (1.062580E+01,6.612657E+00) 
         1        10 (-6.423414E+00,9.149435E+00) 
         1        11 (-7.619701E+00,7.363714E+00) 
         1        12 (-9.829108E+00,6.556704E+00) 
         1        13 (-3.778048E+01,-1.242372E+01) 
         1        14 (-6.307018E+00,-6.955078E+00) 
         1        15 (-5.682998E-01,-5.604572E+00) 
         2         1 (5.122559E+00,1.481865E+00) 
         2         2 (2.305399E+01,0.000000E+00) 
         2         3 (2.790003E+00,-1.059811E-01) 
         2         4 (1.678660E+01,-1.022151E+00) 
         2         5 (1.054393E+01,-1.165590E+01) 
         2         6 (-4.073293E+00,8.739608E+00) 
         2         7 (-2.636271E+00,4.048013E+01) 
         2         8 (6.818357E+00,2.676838E-01) 
         2         9 (1.420942E+00,2.020040E+01) 
         2        10 (-1.055682E+01,2.011245E+01) 
         2        11 (-1.363084E+01,1.974081E+01) 
         2        12 (-1.590350E+01,9.286225E+00) 
         2        13 (-1.545191E+01,-1.160263E+01) 
         2        14 (-5.315469E+00,-6.652045E+00) 
         2        15 (2.064720E+00,-1.210474E+01) 
         3         1 (2.215705E+00,1.567772E+01) 
         3         2 (2.790003E+00,1.059811E-01) 
         3         3 (2.243669E+01,0.000000E+00) 
         3         4 (1.117559E+01,2.636259E+01) 
         3         5 (8.572201E+00,-1.710463E+01) 
         3         6 (-8.091378E-01,-1.428067E+01) 
         3         7 (-8.086293E+00,-1.331535E+01) 
         3         8 (-4.490294E+00,-1.145714E+01) 
         3         9 (-4.459148E+00,9.074829E+00) 
         3        10 (-8.174706E+00,-1.238017E+00) 
         3        11 (-7.272937E+00,-9.125460E-01) 
         3        12 (-2.554570E+00,-1.254798E+01) 
         3        13 (6.821228E+00,-4.034825E+01) 
         3        14 (8.137587E+00,-7.541629E+00) 
         3        15 (5.209038E+00,-1.948071E+00) 
         4         1 (2.224413E+01,9.276053E+00) 
         4         2 (1.678660E+01,1.022151E+00) 
         4         3 (1.117559E+01,-2.636259E+01) 
         4         4 (6.497149E+01,0.000000E+00) 
         4         5 (-1.614430E+01,-1.108280E+01) 
         4         6 (-4.382465E+01,1.519638E+01) 
         4         7 (-1.511309E+01,3.143828E+01) 
         4         8 (-2.266725E+00,-1.005660E+01) 
         4         9 (1.169306E+01,3.126298E+01) 
         4        10 (-6.895152E+00,8.547401E+00) 
         4        11 (-4.591303E+00,9.570175E+00) 
         4        12 (-2.854579E+01,4.282565E+00) 
         4        13 (-2.693810E+01,-8.096160E+01) 
         4        14 (-4.911882E+00,-2.072534E+01) 
         4        15 (5.216737E+00,-1.326148E+01) 
         5         1 (-4.808051E+00,7.233251E+00) 
         5         2 (1.054393E+01,1.165590E+01) 
         5         3 (8.572201E+00,1.710463E+01) 
         5         4 (-1.614430E+01,1.108280E+01) 
         5         5 (4.119380E+01,0.000000E+00) 
         5         6 (2.150407E+01,6.037893E+00) 
         5         7 (-3.993899E+00,-1.016090E+01) 
         5         8 (-8.209814E+00,-2.820373E+00) 
         5         9 (-5.964540E+00,-3.767318E+00) 
         5        10 (-2.541032E+01,-1.077207E+00) 
         5        11 (-2.934695E+01,-4.248317E+00) 
         5        12 (9.989505E+00,-4.349155E+00) 
         5        13 (-6.413439E+00,-1.634105E+01) 
         5        14 (7.203931E+00,2.297603E-01) 
         5        15 (9.716322E+00,-9.581265E-02) 
         6         1 (-9.037076E+00,-4.689578E+00) 
         6         2 (-4.073293E+00,-8.739608E+00) 
         6         3 (-8.091378E-01,1.428067E+01) 
         6         4 (-4.382465E+01,-1.519638E+01) 
         6         5 (2.150407E+01,-6.037893E+00) 
         6         6 (6.043826E+01,0.000000E+00) 
         6         7 (-3.683573E+00,-2.130714E+01) 
         6         8 (-9.287145E+00,1.864796E+00) 
         6         9 (-5.180027E+00,-1.996208E+01) 
         6        10 (-1.149373E+01,1.811221E+00) 
         6        11 (-9.927135E+00,-3.114879E+00) 
         6        12 (9.990992E+00,-8.853138E+00) 
         6        13 (-5.725004E+01,4.653970E+01) 
         6        14 (-3.963224E+00,6.277802E+00) 
         6        15 (-5.117294E+00,-1.889817E+00) 
         7         1 (-5.877051E+00,-1.133688E+01) 
         7         2 (-2.636271E+00,-4.048013E+01) 
         7         3 (-8.086293E+00,1.331535E+01) 
         7         4 (-1.511309E+01,-3.143828E+01) 
         7         5 (-3.993899E+00,1.016090E+01) 
         7         6 (-3.683573E+00,2.130714E+01) 
         7         7 (1.510164E+02,0.000000E+00) 
         7         8 (6.037869E-02,-2.525024E+01) 
         7         9 (6.402342E+01,-9.500216E+00) 
         7        10 (5.314657E+01,9.066645E+00) 
         7        11 (4.327412E+01,1.721971E+01) 
         7        12 (5.318489E+01,6.691099E+01) 
         7        13 (5.861029E+01,2.505197E+01) 
         7        14 (-4.799485E+00,2.935552E+01) 
         7        15 (-2.431038E+01,1.331962E+01) 
         8         1 (-1.152569E+01,-5.011791E-01) 
         8         2 (6.818357E+00,-2.676838E-01) 
         8         3 (-4.490294E+00,1.145714E+01) 
         8         4 (-2.266725E+00,1.005660E+01) 
         8         5 (-8.209814E+00,2.820373E+00) 
         8         6 (-9.287145E+00,-1.864796E+00) 
         8         7 (6.037869E-02,2.525024E+01) 
         8         8 (2.822928E+01,0.000000E+00) 
         8         9 (-1.390078E+01,1.342392E+01) 
         8        10 (1.160745E+01,1.326225E+00) 
         8        11 (1.395976E+01,5.086634E+00) 
         8        12 (-9.563563E+00,-2.385976E+00) 
         8        13 (4.822791E+01,3.981191E+00) 
         8        14 (1.784115E+00,1.338838E+00) 
         8        15 (-2.706302E-01,-2.566038E+00) 
         9         1 (1.062580E+01,-6.612657E+00) 
         9         2 (1.420942E+00,-2.020040E+01) 
         9         3 (-4.459148E+00,-9.074829E+00) 
         9         4 (1.169306E+01,-3.126298E+01) 
         9         5 (-5.964540E+00,3.767318E+00) 
         9         6 (-5.180027E+00,1.996208E+01) 
         9         7 (6.402342E+01,9.500216E+00) 
         9         8 (-1.390078E+01,-1.342392E+01) 
         9         9 (4.221636E+01,0.000000E+00) 
         9        10 (1.616163E+01,9.421001E+00) 
         9        11 (1.164156E+01,9.552112E+00) 
         9        12 (1.431643E+01,3.898321E+01) 
         9        13 (-2.332861E+01,4.646540E-01) 
         9        14 (-1.049725E+01,7.288441E+00) 
         9        15 (-1.294010E+01,1.009601E+00) 
        10         1 (-6.423414E+00,-9.149435E+00) 
        10         2 (-1.055682E+01,-2.011245E+01) 
        10         3 (-8.174706E+00,1.238017E+00) 
        10         4 (-6.895152E+00,-8.547401E+00) 
        10         5 (-2.541032E+01,1.077207E+00) 
        10         6 (-1.149373E+01,-1.811221E+00) 
        10         7 (5.314657E+01,-9.066645E+00) 
        10         8 (1.160745E+01,-1.326225E+00) 
        10         9 (1.616163E+01,-9.421001E+00) 
        10        10 (3.962212E+01,0.000000E+00) 
        10        11 (3.895133E+01,8.419313E+00) 
        10        12 (2.229065E+01,1.520081E+01) 
        10        13 (5.069174E+01,2.515938E+01) 
        10        14 (2.645070E-02,1.302741E+01) 
        10        15 (-1.201635E+01,8.057640E+00) 
        11         1 (-7.619701E+00,-7.363714E+00) 
        11         2 (-1.363084E+01,-1.974081E+01) 
        11         3 (-7.272937E+00,9.125460E-01) 
        11         4 (-4.591303E+00,-9.570175E+00) 
        11         5 (-2.934695E+01,4.248317E+00) 
        11         6 (-9.927135E+00,3.114879E+00) 
        11         7 (4.327412E+01,-1.721971E+01) 
        11         8 (1.395976E+01,-5.086634E+00) 
        11         9 (1.164156E+01,-9.552112E+00) 
        11        10 (3.895133E+01,-8.419313E+00) 
        11        11 (4.258399E+01,0.000000E+00) 
        11        12 (1.897852E+01,6.146597E+00) 
        11        13 (4.430866E+01,7.887126E+00) 
        11        14 (1.081966E+00,9.661512E+00) 
        11        15 (-1.060985E+01,7.296206E+00) 
        12         1 (-9.829108E+00,-6.556704E+00) 
        12         2 (-1.590350E+01,-9.286225E+00) 
        12         3 (-2.554570E+00,1.254798E+01) 
        12         4 (-2.854579E+01,-4.282565E+00) 
        12         5 (9.989505E+00,4.349155E+00) 
        12         6 (9.990992E+00,8.853138E+00) 
        12         7 (5.318489E+01,-6.691099E+01) 
        12         8 (-9.563563E+00,2.385976E+00) 
        12         9 (1.431643E+01,-3.898321E+01) 
        12        10 (2.229065E+01,-1.520081E+01) 
        12        11 (1.897852E+01,-6.146597E+00) 
        12        12 (5.614309E+01,0.000000E+00) 
        12        13 (4.252715E+01,2.804266E+00) 
        12        14 (1.269693E+01,1.618007E+01) 
        12        15 (-5.757562E-01,1.681752E+01) 
        13         1 (-3.778048E+01,1.242372E+01) 
        13         2 (-1.545191E+01,1.160263E+01) 
        13         3 (6.821228E+00,4.034825E+01) 
        13         4 (-2.693810E+01,8.096160E+01) 
        13         5 (-6.413439E+00,1.634105E+01) 
        13         6 (-5.725004E+01,-4.653970E+01) 
        13         7 (5.861029E+01,-2.505197E+01) 
        13         8 (4.822791E+01,-3.981191E+00) 
        13         9 (-2.332861E+01,-4.646540E-01) 
        13        10 (5.069174E+01,-2.515938E+01) 
        13        11 (4.430866E+01,-7.887126E+00) 
        13        12 (4.252715E+01,-2.804266E+00) 
        13        13 (2.669043E+02,0.000000E+00) 
        13        14 (3.676197E+01,2.508793E+01) 
        13        15 (6.960297E+00,3.089964E+01) 
        14         1 (-6.307018E+00,6.955078E+00) 
        14         2 (-5.315469E+00,6.652045E+00) 
        14         3 (8.137587E+00,7.541629E+00) 
        14         4 (-4.911882E+00,2.072534E+01) 
        14         5 (7.203931E+00,-2.297603E-01) 
        14         6 (-3.963224E+00,-6.277802E+00) 
        14         7 (-4.799485E+00,-2.935552E+01) 
        14         8 (1.784115E+00,-1.338838E+00) 
        14         9 (-1.049725E+01,-7.288441E+00) 
        14        10 (2.645070E-02,-1.302741E+01) 
        14        11 (1.081966E+00,-9.661512E+00) 
        14        12 (1.269693E+01,-1.618007E+01) 
        14        13 (3.676197E+01,-2.508793E+01) 
        14        14 (1.223158E+01,0.000000E+00) 
        14        15 (7.445678E+00,6.146246E+00) 
        15         1 (-5.682998E-01,5.604572E+00) 
        15         2 (2.064720E+00,1.210474E+01) 
        15         3 (5.209038E+00,1.948071E+00) 
        15         4 (5.216737E+00,1.326148E+01) 
        15         5 (9.716322E+00,9.581265E-02) 
        15         6 (-5.117294E+00,1.889817E+00) 
        15         7 (-2.431038E+01,-1.331962E+01) 
        15         8 (-2.706302E-01,2.566038E+00) 
        15         9 (-1.294010E+01,-1.009601E+00) 
        15        10 (-1.201635E+01,-8.057640E+00) 
        15        11 (-1.060985E+01,-7.296206E+00) 
        15        12 (-5.757562E-01,-1.681752E+01) 
        15        13 (6.960297E+00,-3.089964E+01) 
        15        14 (7.445678E+00,-6.146246E+00) 
        15        15 (1.014283E+01,0.000000E+00) 
 estimated covariance matrices using dpss
 195.000000     0.000 dB
 15
 99.500000
 94.500000
 89.500000
 79.500000
 74.500000
 69.500000
 64.500000
 59.500000
 54.500000
 49.500000
 44.500000
 39.500000
 34.500000
 29.500000
 24.500000
         1         1 (1.451775E+01,0.000000E+00) 
         1         2 (1.076135E+01,9.817831E+00) 
         1         3 (-1.113207E+01,1.532149E+01) 
         1         4 (-1.294209E+01,-2.332356E+01) 
         1         5 (1.095834E+01,-1.991918E+01) 
         1         6 (5.304282E+00,-4.515362E+00) 
         1         7 (-1.414878E+01,6.847039E+00) 
         1         8 (-1.622999E+01,2.162028E-01) 
         1         9 (7.810227E+00,-3.021358E+00) 
         1        10 (1.180141E+01,7.378804E+00) 
         1        11 (1.547150E+01,3.481005E-01) 
         1        12 (2.988842E+00,-9.426750E+00) 
         1        13 (-1.268001E+01,-1.719907E+01) 
         1        14 (-2.082138E+01,-1.249923E+01) 
         1        15 (-1.651628E+01,-6.898919E-01) 
         2         1 (1.076135E+01,-9.817831E+00) 
         2         2 (1.824014E+01,0.000000E+00) 
         2         3 (1.985872E+00,1.922868E+01) 
         2         4 (-2.673180E+01,-8.830114E+00) 
         2         5 (-5.187021E+00,-2.298637E+01) 
         2         6 (-1.228289E-01,-7.738851E+00) 
         2         7 (-7.840103E+00,1.421925E+01) 
         2         8 (-1.113196E+01,1.126272E+01) 
         2         9 (3.604086E+00,-6.328428E+00) 
         2        10 (1.292538E+01,-3.643542E+00) 
         2        11 (1.283337E+01,-1.081570E+01) 
         2        12 (-4.272221E+00,-7.461371E+00) 
         2        13 (-2.081694E+01,-4.805716E+00) 
         2        14 (-2.464966E+01,5.425612E+00) 
         2        15 (-1.430120E+01,1.239952E+01) 
         3         1 (-1.113207E+01,-1.532149E+01) 
         3         2 (1.985872E+00,-1.922868E+01) 
         3         3 (2.746095E+01,0.000000E+00) 
         3         4 (-1.662791E+01,3.287547E+01) 
         3         5 (-3.086829E+01,3.926532E+00) 
         3         6 (-8.159397E+00,-1.586978E+00) 
         3         7 (1.773872E+01,1.075864E+01) 
         3         8 (1.316927E+01,1.940657E+01) 
         3         9 (-8.719957E+00,-5.942013E+00) 
         3        10 (-1.226185E+00,-2.010696E+01) 
         3        11 (-1.289916E+01,-1.783751E+01) 
         3        12 (-1.446704E+01,4.412836E+00) 
         3        13 (-8.851679E+00,2.952865E+01) 
         3        14 (2.781888E+00,3.363131E+01) 
         3        15 (1.305589E+01,1.765762E+01) 
         4         1 (-1.294209E+01,2.332356E+01) 
         4         2 (-2.673180E+01,8.830114E+00) 
         4         3 (-1.662791E+01,-3.287547E+01) 
         4         4 (5.312195E+01,0.000000E+00) 
         4         5 (2.474117E+01,3.806015E+01) 
         4         6 (3.481048E+00,1.276325E+01) 
         4         7 (2.869373E+00,-3.013272E+01) 
         4         8 (1.396503E+01,-2.990278E+01) 
         4         9 (-2.214734E+00,1.533160E+01) 
         4        10 (-2.314487E+01,1.458623E+01) 
         4        11 (-1.359024E+01,2.706732E+01) 
         4        12 (1.495026E+01,1.393122E+01) 
         4        13 (4.143190E+01,-8.887899E+00) 
         4        14 (4.100279E+01,-2.428690E+01) 
         4        15 (1.536460E+01,-2.693089E+01) 
         5         1 (1.095834E+01,1.991918E+01) 
         5         2 (-5.187021E+00,2.298637E+01) 
         5         3 (-3.086829E+01,-3.926532E+00) 
         5         4 (2.474117E+01,-3.806015E+01) 
         5         5 (4.000154E+01,0.000000E+00) 
         5         6 (1.146293E+01,2.892646E+00) 
         5         7 (-2.093929E+01,-1.563882E+01) 
         5         8 (-1.502352E+01,-2.393225E+01) 
         5         9 (1.058373E+01,8.836453E+00) 
         5        10 (-9.129038E-01,2.309240E+01) 
         5        11 (1.350125E+01,2.225975E+01) 
         5        12 (1.729119E+01,-3.296533E+00) 
         5        13 (1.292423E+01,-3.481457E+01) 
         5        14 (2.170578E+00,-4.076973E+01) 
         5        15 (-1.268728E+01,-2.330713E+01) 
         6         1 (5.304282E+00,4.515362E+00) 
         6         2 (-1.228289E-01,7.738851E+00) 
         6         3 (-8.159397E+00,1.586978E+00) 
         6         4 (3.481048E+00,-1.276325E+01) 
         6         5 (1.146293E+01,-2.892646E+00) 
         6         6 (4.712016E+00,0.000000E+00) 
         6         7 (-7.012593E+00,-2.294013E+00) 
         6         8 (-6.614010E+00,-4.853108E+00) 
         6         9 (4.013814E+00,1.210063E+00) 
         6        10 (2.251747E+00,6.177370E+00) 
         6        11 (5.500236E+00,5.401960E+00) 
         6        12 (3.696234E+00,-2.466239E+00) 
         6        13 (8.669943E-01,-1.062533E+01) 
         6        14 (-2.844105E+00,-1.141413E+01) 
         6        15 (-5.688634E+00,-6.487043E+00) 
         7         1 (-1.414878E+01,-6.847039E+00) 
         7         2 (-7.840103E+00,-1.421925E+01) 
         7         3 (1.773872E+01,-1.075864E+01) 
         7         4 (2.869373E+00,3.013272E+01) 
         7         5 (-2.093929E+01,1.563882E+01) 
         7         6 (-7.012593E+00,2.294013E+00) 
         7         7 (1.891753E+01,0.000000E+00) 
         7         8 (1.710936E+01,6.826104E+00) 
         7         9 (-9.515699E+00,-1.503864E+00) 
         7        10 (-8.311323E+00,-1.210647E+01) 
         7        11 (-1.613083E+01,-6.322052E+00) 
         7        12 (-7.384037E+00,7.914352E+00) 
         7        13 (6.175299E+00,2.354233E+01) 
         7        14 (1.541506E+01,2.195417E+01) 
         7        15 (1.625958E+01,7.044359E+00) 
         8         1 (-1.622999E+01,-2.162028E-01) 
         8         2 (-1.113196E+01,-1.126272E+01) 
         8         3 (1.316927E+01,-1.940657E+01) 
         8         4 (1.396503E+01,2.990278E+01) 
         8         5 (-1.502352E+01,2.393225E+01) 
         8         6 (-6.614010E+00,4.853108E+00) 
         8         7 (1.710936E+01,-6.826104E+00) 
         8         8 (2.253944E+01,0.000000E+00) 
         8         9 (-9.449465E+00,3.115231E+00) 
         8        10 (-1.553640E+01,-9.427303E+00) 
         8        11 (-1.943141E+01,6.088659E-01) 
         8        12 (-4.328900E+00,1.355547E+01) 
         8        13 (1.835166E+01,2.189519E+01) 
         8        14 (2.464260E+01,1.614121E+01) 
         8        15 (1.813935E+01,4.644220E-01) 
         9         1 (7.810227E+00,3.021358E+00) 
         9         2 (3.604086E+00,6.328428E+00) 
         9         3 (-8.719957E+00,5.942013E+00) 
         9         4 (-2.214734E+00,-1.533160E+01) 
         9         5 (1.058373E+01,-8.836453E+00) 
         9         6 (4.013814E+00,-1.210063E+00) 
         9         7 (-9.515699E+00,1.503864E+00) 
         9         8 (-9.449465E+00,-3.115231E+00) 
         9         9 (5.595572E+00,0.000000E+00) 
         9        10 (4.623270E+00,6.582310E+00) 
         9        11 (8.255512E+00,2.701556E+00) 
         9        12 (4.097230E+00,-4.647818E+00) 
         9        13 (-4.305908E+00,-1.221375E+01) 
         9        14 (-8.358879E+00,-1.111459E+01) 
         9        15 (-8.055895E+00,-3.372077E+00) 
        10         1 (1.180141E+01,-7.378804E+00) 
        10         2 (1.292538E+01,3.643542E+00) 
        10         3 (-1.226185E+00,2.010696E+01) 
        10         4 (-2.314487E+01,-1.458623E+01) 
        10         5 (-9.129038E-01,-2.309240E+01) 
        10         6 (2.251747E+00,-6.177370E+00) 
        10         7 (-8.311323E+00,1.210647E+01) 
        10         8 (-1.553640E+01,9.427303E+00) 
        10         9 (4.623270E+00,-6.582310E+00) 
        10        10 (1.562346E+01,0.000000E+00) 
        10        11 (1.364711E+01,-8.391870E+00) 
        10        12 (-3.155946E+00,-1.160062E+01) 
        10        13 (-2.179182E+01,-7.495457E+00) 
        10        14 (-2.504507E+01,-1.710032E-01) 
        10        15 (-1.363634E+01,7.663080E+00) 
        11         1 (1.547150E+01,-3.481005E-01) 
        11         2 (1.283337E+01,1.081570E+01) 
        11         3 (-1.289916E+01,1.783751E+01) 
        11         4 (-1.359024E+01,-2.706732E+01) 
        11         5 (1.350125E+01,-2.225975E+01) 
        11         6 (5.500236E+00,-5.401960E+00) 
        11         7 (-1.613083E+01,6.322052E+00) 
        11         8 (-1.943141E+01,-6.088659E-01) 
        11         9 (8.255512E+00,-2.701556E+00) 
        11        10 (1.364711E+01,8.391870E+00) 
        11        11 (1.875739E+01,0.000000E+00) 
        11        12 (4.198398E+00,-1.093975E+01) 
        11        13 (-1.545324E+01,-2.114273E+01) 
        11        14 (-2.327560E+01,-1.444809E+01) 
        11        15 (-1.877363E+01,5.094925E-01) 
        12         1 (2.988842E+00,9.426750E+00) 
        12         2 (-4.272221E+00,7.461371E+00) 
        12         3 (-1.446704E+01,-4.412836E+00) 
        12         4 (1.495026E+01,-1.393122E+01) 
        12         5 (1.729119E+01,3.296533E+00) 
        12         6 (3.696234E+00,2.466239E+00) 
        12         7 (-7.384037E+00,-7.914352E+00) 
        12         8 (-4.328900E+00,-1.355547E+01) 
        12         9 (4.097230E+00,4.647818E+00) 
        12        10 (-3.155946E+00,1.160062E+01) 
        12        11 (4.198398E+00,1.093975E+01) 
        12        12 (9.993355E+00,0.000000E+00) 
        12        13 (8.694005E+00,-1.558229E+01) 
        12        14 (4.859746E+00,-1.804649E+01) 
        12        15 (-3.082915E+00,-1.003462E+01) 
        13         1 (-1.268001E+01,1.719907E+01) 
        13         2 (-2.081694E+01,4.805716E+00) 
        13         3 (-8.851679E+00,-2.952865E+01) 
        13         4 (4.143190E+01,8.887899E+00) 
        13         5 (1.292423E+01,3.481457E+01) 
        13         6 (8.669943E-01,1.062533E+01) 
        13         7 (6.175299E+00,-2.354233E+01) 
        13         8 (1.835166E+01,-2.189519E+01) 
        13         9 (-4.305908E+00,1.221375E+01) 
        13        10 (-2.179182E+01,7.495457E+00) 
        13        11 (-1.545324E+01,2.114273E+01) 
        13        12 (8.694005E+00,1.558229E+01) 
        13        13 (3.817800E+01,0.000000E+00) 
        13        14 (3.609399E+01,-1.265534E+01) 
        13        15 (1.438527E+01,-2.027176E+01) 
        14         1 (-2.082138E+01,1.249923E+01) 
        14         2 (-2.464966E+01,-5.425612E+00) 
        14         3 (2.781888E+00,-3.363131E+01) 
        14         4 (4.100279E+01,2.428690E+01) 
        14         5 (2.170578E+00,4.076973E+01) 
        14         6 (-2.844105E+00,1.141413E+01) 
        14         7 (1.541506E+01,-2.195417E+01) 
        14         8 (2.464260E+01,-1.614121E+01) 
        14         9 (-8.358879E+00,1.111459E+01) 
        14        10 (-2.504507E+01,1.710032E-01) 
        14        11 (-2.327560E+01,1.444809E+01) 
        14        12 (4.859746E+00,1.804649E+01) 
        14        13 (3.609399E+01,1.265534E+01) 
        14        14 (4.328211E+01,0.000000E+00) 
        14        15 (2.453459E+01,-1.408655E+01) 
        15         1 (-1.651628E+01,6.898919E-01) 
        15         2 (-1.430120E+01,-1.239952E+01) 
        15         3 (1.305589E+01,-1.765762E+01) 
        15         4 (1.536460E+01,2.693089E+01) 
        15         5 (-1.268728E+01,2.330713E+01) 
        15         6 (-5.688634E+00,6.487043E+00) 
        15         7 (1.625958E+01,-7.044359E+00) 
        15         8 (1.813935E+01,-4.644220E-01) 
        15         9 (-8.055895E+00,3.372077E+00) 
        15        10 (-1.363634E+01,-7.663080E+00) 
        15        11 (-1.877363E+01,-5.094925E-01) 
        15        12 (-3.082915E+00,1.003462E+01) 
        15        13 (1.438527E+01,2.027176E+01) 
        15        14 (2.453459E+01,1.408655E+01) 
        15        15 (2.072867E+01,0.000000E+00) 
 estimated covariance matrices using dpss
 295.000000     0.000 dB
 15
 99.500000
 94.500000
 89.500000
 79.500000
 74.500000
 69.500000
 64.500000
 59.500000
 54.500000
 49.500000
 44.500000
 39.500000
 34.500000
 29.500000
 24.500000
         1         1 (8.992846E+01,0.000000E+00) 
         1         2 (8.940639E+00,7.222259E+01) 
         1         3 (-5.330813E+01,-1.557892E+01) 
         1         4 (-5.875335E+01,2.272212E+01) 
         1         5 (-4.172256E+01,-2.457971E+01) 
         1         6 (3.635707E+01,3.181314E-01) 
         1         7 (1.571399E+01,1.126369E+01) 
         1         8 (-6.903641E+00,-1.428537E+01) 
         1         9 (-4.022632E+01,-3.077728E+01) 
         1        10 (-3.750187E+01,-6.497576E+01) 
         1        11 (-2.147301E+01,-4.164858E+01) 
         1        12 (2.995676E+00,-1.090908E+01) 
         1        13 (1.316571E+01,2.901828E+01) 
         1        14 (-4.006898E+00,5.296024E+01) 
         1        15 (-1.362374E+00,4.212773E+01) 
         2         1 (8.940639E+00,-7.222259E+01) 
         2         2 (6.002108E+01,0.000000E+00) 
         2         3 (-1.918733E+01,4.125155E+01) 
         2         4 (1.267488E+01,5.067610E+01) 
         2         5 (-2.381984E+01,3.240311E+01) 
         2         6 (5.185618E+00,-3.090837E+01) 
         2         7 (1.010875E+01,-1.138824E+01) 
         2         8 (-1.277496E+01,3.862823E+00) 
         2         9 (-2.858818E+01,2.947566E+01) 
         2        10 (-5.683637E+01,2.339212E+01) 
         2        11 (-3.655564E+01,1.291054E+01) 
         2        12 (-8.885902E+00,-2.927674E+00) 
         2        13 (2.555588E+01,-7.822771E+00) 
         2        14 (4.283574E+01,9.467930E+00) 
         2        15 (3.349490E+01,5.193750E+00) 
         3         1 (-5.330813E+01,1.557892E+01) 
         3         2 (-1.918733E+01,-4.125155E+01) 
         3         3 (3.742042E+01,0.000000E+00) 
         3         4 (2.907623E+01,-2.552635E+01) 
         3         5 (2.781624E+01,4.362554E+00) 
         3         6 (-2.430257E+01,8.947041E+00) 
         3         7 (-9.738707E+00,-3.174674E+00) 
         3         8 (7.903554E+00,9.067243E+00) 
         3         9 (2.840297E+01,1.109172E+01) 
         3        10 (3.442869E+01,3.269383E+01) 
         3        11 (2.107494E+01,2.138212E+01) 
         3        12 (8.306151E-01,6.068322E+00) 
         3        13 (-1.420337E+01,-1.440308E+01) 
         3        14 (-7.036090E+00,-3.473891E+01) 
         3        15 (-5.197286E+00,-2.461374E+01) 
         4         1 (-5.875335E+01,-2.272212E+01) 
         4         2 (1.267488E+01,-5.067610E+01) 
         4         3 (2.907623E+01,2.552635E+01) 
         4         4 (4.755385E+01,0.000000E+00) 
         4         5 (2.420249E+01,2.787084E+01) 
         4         6 (-2.421556E+01,-1.224953E+01) 
         4         7 (-8.764531E+00,-1.151241E+01) 
         4         8 (-6.193509E-01,1.015822E+01) 
         4         9 (1.948737E+01,3.008786E+01) 
         4        10 (7.761689E+00,5.270481E+01) 
         4        11 (3.062079E+00,3.340670E+01) 
         4        12 (-4.508801E+00,7.247254E+00) 
         4        13 (-1.432465E+00,-2.371541E+01) 
         4        14 (1.673916E+01,-3.241005E+01) 
         4        15 (1.013967E+01,-2.717718E+01) 
         5         1 (-4.172256E+01,2.457971E+01) 
         5         2 (-2.381984E+01,-3.240311E+01) 
         5         3 (2.781624E+01,-4.362554E+00) 
         5         4 (2.420249E+01,-2.787084E+01) 
         5         5 (2.986022E+01,0.000000E+00) 
         5         6 (-1.871672E+01,6.580145E+00) 
         5         7 (-1.189271E+01,-2.159139E-01) 
         5         8 (4.912933E+00,4.787878E+00) 
         5         9 (2.775224E+01,2.603669E+00) 
         5        10 (3.459914E+01,2.068196E+01) 
         5        11 (2.092483E+01,1.438165E+01) 
         5        12 (2.207318E+00,6.750672E+00) 
         5        13 (-1.450600E+01,-1.149722E+01) 
         5        14 (-1.065200E+01,-2.477541E+01) 
         5        15 (-1.226818E+01,-1.906574E+01) 
         6         1 (3.635707E+01,-3.181314E-01) 
         6         2 (5.185618E+00,3.090837E+01) 
         6         3 (-2.430257E+01,-8.947041E+00) 
         6         4 (-2.421556E+01,1.224953E+01) 
         6         5 (-1.871672E+01,-6.580145E+00) 
         6         6 (2.013410E+01,0.000000E+00) 
         6         7 (5.340461E+00,2.690809E+00) 
         6         8 (-2.908416E+00,-8.466773E+00) 
         6         9 (-1.603331E+01,-1.157255E+01) 
         6        10 (-1.571743E+01,-2.800144E+01) 
         6        11 (-9.530600E+00,-1.861282E+01) 
         6        12 (-4.932850E-01,-4.343120E+00) 
         6        13 (6.983919E+00,1.283751E+01) 
         6        14 (-3.380946E+00,2.448375E+01) 
         6        15 (-1.079578E+00,1.574277E+01) 
         7         1 (1.571399E+01,-1.126369E+01) 
         7         2 (1.010875E+01,1.138824E+01) 
         7         3 (-9.738707E+00,3.174674E+00) 
         7         4 (-8.764531E+00,1.151241E+01) 
         7         5 (-1.189271E+01,2.159139E-01) 
         7         6 (5.340461E+00,-2.690809E+00) 
         7         7 (5.635772E+00,0.000000E+00) 
         7         8 (-1.368271E+00,-8.292859E-01) 
         7         9 (-1.131079E+01,-5.232064E-02) 
         7        10 (-1.426855E+01,-6.185807E+00) 
         7        11 (-8.465120E+00,-4.237281E+00) 
         7        12 (-5.498334E-01,-2.785091E+00) 
         7        13 (5.727173E+00,3.683591E+00) 
         7        14 (5.280194E+00,7.867478E+00) 
         7        15 (6.114684E+00,7.218746E+00) 
         8         1 (-6.903641E+00,1.428537E+01) 
         8         2 (-1.277496E+01,-3.862823E+00) 
         8         3 (7.903554E+00,-9.067243E+00) 
         8         4 (-6.193509E-01,-1.015822E+01) 
         8         5 (4.912933E+00,-4.787878E+00) 
         8         6 (-2.908416E+00,8.466773E+00) 
         8         7 (-1.368271E+00,8.292859E-01) 
         8         8 (5.046839E+00,0.000000E+00) 
         8         9 (7.612497E+00,-3.452939E+00) 
         8        10 (1.393588E+01,-7.251554E-01) 
         8        11 (9.026940E+00,-1.946193E-01) 
         8        12 (1.494209E+00,5.410645E-01) 
         8        13 (-5.763152E+00,3.611827E-01) 
         8        14 (-9.920623E+00,-6.422543E+00) 
         8        15 (-5.529769E+00,-4.352301E+00) 
         9         1 (-4.022632E+01,3.077728E+01) 
         9         2 (-2.858818E+01,-2.947566E+01) 
         9         3 (2.840297E+01,-1.109172E+01) 
         9         4 (1.948737E+01,-3.008786E+01) 
         9         5 (2.775224E+01,-2.603669E+00) 
         9         6 (-1.603331E+01,1.157255E+01) 
         9         7 (-1.131079E+01,5.232064E-02) 
         9         8 (7.612497E+00,3.452939E+00) 
         9         9 (2.894232E+01,0.000000E+00) 
         9        10 (3.907521E+01,1.627111E+01) 
         9        11 (2.372799E+01,1.137472E+01) 
         9        12 (2.317298E+00,6.198090E+00) 
         9        13 (-1.569711E+01,-8.655340E+00) 
         9        14 (-1.645264E+01,-2.440372E+01) 
         9        15 (-1.426534E+01,-1.952878E+01) 
        10         1 (-3.750187E+01,6.497576E+01) 
        10         2 (-5.683637E+01,-2.339212E+01) 
        10         3 (3.442869E+01,-3.269383E+01) 
        10         4 (7.761689E+00,-5.270481E+01) 
        10         5 (3.459914E+01,-2.068196E+01) 
        10         6 (-1.571743E+01,2.800144E+01) 
        10         7 (-1.426855E+01,6.185807E+00) 
        10         8 (1.393588E+01,7.251554E-01) 
        10         9 (3.907521E+01,-1.627111E+01) 
        10        10 (6.369096E+01,0.000000E+00) 
        10        11 (3.991829E+01,1.769787E+00) 
        10        12 (6.725864E+00,6.224810E+00) 
        10        13 (-2.714090E+01,-2.006608E+00) 
        10        14 (-3.786606E+01,-2.542925E+01) 
        10        15 (-2.969358E+01,-1.881318E+01) 
        11         1 (-2.147301E+01,4.164858E+01) 
        11         2 (-3.655564E+01,-1.291054E+01) 
        11         3 (2.107494E+01,-2.138212E+01) 
        11         4 (3.062079E+00,-3.340670E+01) 
        11         5 (2.092483E+01,-1.438165E+01) 
        11         6 (-9.530600E+00,1.861282E+01) 
        11         7 (-8.465120E+00,4.237281E+00) 
        11         8 (9.026940E+00,1.946193E-01) 
        11         9 (2.372799E+01,-1.137472E+01) 
        11        10 (3.991829E+01,-1.769787E+00) 
        11        11 (2.531653E+01,0.000000E+00) 
        11        12 (4.570439E+00,3.402789E+00) 
        11        13 (-1.731300E+01,-5.735567E-01) 
        11        14 (-2.455639E+01,-1.527750E+01) 
        11        15 (-1.897332E+01,-1.080840E+01) 
        12         1 (2.995676E+00,1.090908E+01) 
        12         2 (-8.885902E+00,2.927674E+00) 
        12         3 (8.306151E-01,-6.068322E+00) 
        12         4 (-4.508801E+00,-7.247254E+00) 
        12         5 (2.207318E+00,-6.750672E+00) 
        12         6 (-4.932850E-01,4.343120E+00) 
        12         7 (-5.498334E-01,2.785091E+00) 
        12         8 (1.494209E+00,-5.410645E-01) 
        12         9 (2.317298E+00,-6.198090E+00) 
        12        10 (6.725864E+00,-6.224810E+00) 
        12        11 (4.570439E+00,-3.402789E+00) 
        12        12 (1.986754E+00,0.000000E+00) 
        12        13 (-3.443719E+00,2.139392E+00) 
        12        14 (-5.917999E+00,4.265095E-01) 
        12        15 (-5.030766E+00,1.596785E+00) 
        13         1 (1.316571E+01,-2.901828E+01) 
        13         2 (2.555588E+01,7.822771E+00) 
        13         3 (-1.420337E+01,1.440308E+01) 
        13         4 (-1.432465E+00,2.371541E+01) 
        13         5 (-1.450600E+01,1.149722E+01) 
        13         6 (6.983919E+00,-1.283751E+01) 
        13         7 (5.727173E+00,-3.683591E+00) 
        13         8 (-5.763152E+00,-3.611827E-01) 
        13         9 (-1.569711E+01,8.655340E+00) 
        13        10 (-2.714090E+01,2.006608E+00) 
        13        11 (-1.731300E+01,5.735567E-01) 
        13        12 (-3.443719E+00,-2.139392E+00) 
        13        13 (1.256380E+01,0.000000E+00) 
        13        14 (1.675456E+01,1.000362E+01) 
        13        15 (1.324057E+01,6.165386E+00) 
        14         1 (-4.006898E+00,-5.296024E+01) 
        14         2 (4.283574E+01,-9.467930E+00) 
        14         3 (-7.036090E+00,3.473891E+01) 
        14         4 (1.673916E+01,3.241005E+01) 
        14         5 (-1.065200E+01,2.477541E+01) 
        14         6 (-3.380946E+00,-2.448375E+01) 
        14         7 (5.280194E+00,-7.867478E+00) 
        14         8 (-9.920623E+00,6.422543E+00) 
        14         9 (-1.645264E+01,2.440372E+01) 
        14        10 (-3.786606E+01,2.542925E+01) 
        14        11 (-2.455639E+01,1.527750E+01) 
        14        12 (-5.917999E+00,-4.265095E-01) 
        14        13 (1.675456E+01,-1.000362E+01) 
        14        14 (3.455742E+01,0.000000E+00) 
        14        15 (2.466242E+01,3.062123E-01) 
        15         1 (-1.362374E+00,-4.212773E+01) 
        15         2 (3.349490E+01,-5.193750E+00) 
        15         3 (-5.197286E+00,2.461374E+01) 
        15         4 (1.013967E+01,2.717718E+01) 
        15         5 (-1.226818E+01,1.906574E+01) 
        15         6 (-1.079578E+00,-1.574277E+01) 
        15         7 (6.114684E+00,-7.218746E+00) 
        15         8 (-5.529769E+00,4.352301E+00) 
        15         9 (-1.426534E+01,1.952878E+01) 
        15        10 (-2.969358E+01,1.881318E+01) 
        15        11 (-1.897332E+01,1.080840E+01) 
        15        12 (-5.030766E+00,-1.596785E+00) 
        15        13 (1.324057E+01,-6.165386E+00) 
        15        14 (2.466242E+01,-3.062123E-01) 
        15        15 (2.072884E+01,0.000000E+00) 
 estimated covariance matrices using dpss
 395.000000     0.000 dB
 15
 99.500000
 94.500000
 89.500000
 79.500000
 74.500000
 69.500000
 64.500000
 59.500000
 54.500000
 49.500000
 44.500000
 39.500000
 34.500000
 29.500000
 24.500000
         1         1 (3.884943E+01,0.000000E+00) 
         1         2 (-4.999891E+00,-1.197941E+01) 
         1         3 (-1.255473E+00,9.081703E+00) 
         1         4 (-5.610893E-02,-2.060639E+00) 
         1         5 (1.093076E+01,4.221748E+00) 
         1         6 (2.592176E+00,-2.262818E+00) 
         1         7 (-2.319946E+01,-3.317429E+01) 
         1         8 (-3.379066E+00,-2.229148E+01) 
         1         9 (-2.834758E+00,-8.149655E+00) 
         1        10 (9.319716E+00,7.971228E+00) 
         1        11 (-1.547228E+01,6.505935E+00) 
         1        12 (-1.843018E+01,-9.334679E+00) 
         1        13 (1.216290E+01,1.769660E+01) 
         1        14 (5.152962E+00,4.489059E+00) 
         1        15 (1.689626E+01,-3.964369E+01) 
         2         1 (-4.999891E+00,1.197941E+01) 
         2         2 (7.485897E+00,0.000000E+00) 
         2         3 (-7.001035E-01,-6.284804E-01) 
         2         4 (-2.604653E+00,-1.299737E+00) 
         2         5 (-3.061728E+00,2.888951E+00) 
         2         6 (-1.315677E+00,2.804613E+00) 
         2         7 (1.357891E+01,-3.977858E+00) 
         2         8 (5.151081E+00,4.023043E-01) 
         2         9 (3.861049E+00,-2.226950E+00) 
         2        10 (-3.879994E+00,2.344420E+00) 
         2        11 (-1.139195E+00,-4.156210E+00) 
         2        12 (5.375433E+00,-6.011194E+00) 
         2        13 (-7.810030E+00,3.650062E+00) 
         2        14 (-2.879617E+00,-3.125718E-01) 
         2        15 (1.331662E+01,9.778262E+00) 
         3         1 (-1.255473E+00,-9.081703E+00) 
         3         2 (-7.001035E-01,6.284804E-01) 
         3         3 (3.974388E+00,0.000000E+00) 
         3         4 (-3.037727E+00,-6.726833E-02) 
         3         5 (4.731693E-01,-2.484182E+00) 
         3         6 (-1.022539E+00,1.212215E+00) 
         3         7 (-7.111120E+00,5.604397E+00) 
         3         8 (-6.891179E+00,1.074721E+00) 
         3         9 (-1.765597E+00,-8.059534E-01) 
         3        10 (1.486551E+00,-2.368025E+00) 
         3        11 (1.404600E+00,4.718831E+00) 
         3        12 (-1.917571E+00,3.569704E+00) 
         3        13 (3.843264E+00,-1.580505E+00) 
         3        14 (2.129856E-02,-2.109845E+00) 
         3        15 (-7.837172E+00,-3.930944E+00) 
         4         1 (-5.610893E-02,2.060639E+00) 
         4         2 (-2.604653E+00,1.299737E+00) 
         4         3 (-3.037727E+00,6.726833E-02) 
         4         4 (5.012527E+00,0.000000E+00) 
         4         5 (1.120907E-01,-1.485011E-01) 
         4         6 (6.815197E-01,-2.722215E+00) 
         4         7 (2.268549E+00,7.897728E-01) 
         4         8 (4.289563E+00,5.868950E-01) 
         4         9 (4.244758E-01,3.333318E+00) 
         4        10 (-1.259387E-01,8.623541E-02) 
         4        11 (5.807501E-01,-3.393287E+00) 
         4        12 (1.283111E+00,1.180586E+00) 
         4        13 (-1.378367E+00,-3.117256E+00) 
         4        14 (1.589358E+00,1.555690E+00) 
         4        15 (-1.619148E+00,3.679721E+00) 
         5         1 (1.093076E+01,-4.221748E+00) 
         5         2 (-3.061728E+00,-2.888951E+00) 
         5         3 (4.731693E-01,2.484182E+00) 
         5         4 (1.120907E-01,1.485011E-01) 
         5         5 (3.930763E+00,0.000000E+00) 
         5         6 (9.216555E-01,-1.241594E+00) 
         5         7 (-1.063505E+01,-6.473676E+00) 
         5         8 (-3.391590E+00,-5.637722E+00) 
         5         9 (-2.142778E+00,-1.802664E+00) 
         5        10 (3.350836E+00,1.290510E+00) 
         5        11 (-3.251662E+00,3.690669E+00) 
         5        12 (-6.565038E+00,-3.444749E-01) 
         5        13 (6.207420E+00,3.339303E+00) 
         5        14 (1.816029E+00,1.036561E+00) 
         5        15 (-3.204048E-01,-1.334572E+01) 
         6         1 (2.592176E+00,2.262818E+00) 
         6         2 (-1.315677E+00,-2.804613E+00) 
         6         3 (-1.022539E+00,-1.212215E+00) 
         6         4 (6.815197E-01,2.722215E+00) 
         6         5 (9.216555E-01,1.241594E+00) 
         6         6 (2.445578E+00,0.000000E+00) 
         6         7 (-7.878270E-01,-3.300084E+00) 
         6         8 (1.192892E+00,1.530469E-01) 
         6         9 (-1.612194E+00,-2.131997E-01) 
         6        10 (2.315664E-01,8.864913E-01) 
         6        11 (-8.234608E-02,-1.548552E-01) 
         6        12 (-1.819351E+00,-1.083971E+00) 
         6        13 (1.913614E+00,1.547484E+00) 
         6        14 (-4.600713E-01,1.690655E+00) 
         6        15 (1.421269E+00,-3.572367E+00) 
         7         1 (-2.319946E+01,3.317429E+01) 
         7         2 (1.357891E+01,3.977858E+00) 
         7         3 (-7.111120E+00,-5.604397E+00) 
         7         4 (2.268549E+00,-7.897728E-01) 
         7         5 (-1.063505E+01,6.473676E+00) 
         7         6 (-7.878270E-01,3.300084E+00) 
         7         7 (4.331894E+01,0.000000E+00) 
         7         8 (2.165229E+01,9.537958E+00) 
         7         9 (9.957428E+00,2.836876E+00) 
         7        10 (-1.225157E+01,3.070062E+00) 
         7        11 (2.872692E+00,-1.791704E+01) 
         7        12 (2.001610E+01,-1.021870E+01) 
         7        13 (-2.424391E+01,-5.438867E-01) 
         7        14 (-6.155100E+00,1.159432E+00) 
         7        15 (2.458887E+01,3.990558E+01) 
         8         1 (-3.379066E+00,2.229148E+01) 
         8         2 (5.151081E+00,-4.023043E-01) 
         8         3 (-6.891179E+00,-1.074721E+00) 
         8         4 (4.289563E+00,-5.868950E-01) 
         8         5 (-3.391590E+00,5.637722E+00) 
         8         6 (1.192892E+00,-1.530469E-01) 
         8         7 (2.165229E+01,-9.537958E+00) 
         8         8 (1.544786E+01,0.000000E+00) 
         8         9 (5.470810E+00,1.353535E+00) 
         8        10 (-5.186051E+00,4.153095E+00) 
         8        11 (-2.372412E+00,-1.135441E+01) 
         8        12 (7.801403E+00,-8.624391E+00) 
         8        13 (-1.221599E+01,3.440828E+00) 
         8        14 (-1.617534E+00,3.067808E+00) 
         8        15 (1.940286E+01,1.533432E+01) 
         9         1 (-2.834758E+00,8.149655E+00) 
         9         2 (3.861049E+00,2.226950E+00) 
         9         3 (-1.765597E+00,8.059534E-01) 
         9         4 (4.244758E-01,-3.333318E+00) 
         9         5 (-2.142778E+00,1.802664E+00) 
         9         6 (-1.612194E+00,2.131997E-01) 
         9         7 (9.957428E+00,-2.836876E+00) 
         9         8 (5.470810E+00,-1.353535E+00) 
         9         9 (4.444082E+00,0.000000E+00) 
         9        10 (-2.785202E+00,1.097122E+00) 
         9        11 (-2.123073E+00,-4.249398E+00) 
         9        12 (4.807032E+00,-3.759290E+00) 
         9        13 (-7.148567E+00,1.672272E+00) 
         9        14 (-4.440425E-01,-5.926779E-01) 
         9        15 (9.002701E+00,9.028375E+00) 
        10         1 (9.319716E+00,-7.971228E+00) 
        10         2 (-3.879994E+00,-2.344420E+00) 
        10         3 (1.486551E+00,2.368025E+00) 
        10         4 (-1.259387E-01,-8.623541E-02) 
        10         5 (3.350836E+00,-1.290510E+00) 
        10         6 (2.315664E-01,-8.864913E-01) 
        10         7 (-1.225157E+01,-3.070062E+00) 
        10         8 (-5.186051E+00,-4.153095E+00) 
        10         9 (-2.785202E+00,-1.097122E+00) 
        10        10 (4.335767E+00,0.000000E+00) 
        10        11 (-2.046610E+00,4.302432E+00) 
        10        12 (-6.397471E+00,1.764893E+00) 
        10        13 (6.468034E+00,1.382047E+00) 
        10        14 (2.289531E+00,3.263258E-01) 
        10        15 (-4.451731E+00,-1.309487E+01) 
        11         1 (-1.547228E+01,-6.505935E+00) 
        11         2 (-1.139195E+00,4.156210E+00) 
        11         3 (1.404600E+00,-4.718831E+00) 
        11         4 (5.807501E-01,3.393287E+00) 
        11         5 (-3.251662E+00,-3.690669E+00) 
        11         6 (-8.234608E-02,1.548552E-01) 
        11         7 (2.872692E+00,1.791704E+01) 
        11         8 (-2.372412E+00,1.135441E+01) 
        11         9 (-2.123073E+00,4.249398E+00) 
        11        10 (-2.046610E+00,-4.302432E+00) 
        11        11 (9.082915E+00,0.000000E+00) 
        11        12 (4.813353E+00,7.667220E+00) 
        11        13 (-2.965671E-02,-1.034615E+01) 
        11        14 (-1.684042E+00,-1.343438E+00) 
        11        15 (-1.545320E+01,1.161847E+01) 
        12         1 (-1.843018E+01,9.334679E+00) 
        12         2 (5.375433E+00,6.011194E+00) 
        12         3 (-1.917571E+00,-3.569704E+00) 
        12         4 (1.283111E+00,-1.180586E+00) 
        12         5 (-6.565038E+00,3.444749E-01) 
        12         6 (-1.819351E+00,1.083971E+00) 
        12         7 (2.001610E+01,1.021870E+01) 
        12         8 (7.801403E+00,8.624391E+00) 
        12         9 (4.807032E+00,3.759290E+00) 
        12        10 (-6.397471E+00,-1.764893E+00) 
        12        11 (4.813353E+00,-7.667220E+00) 
        12        12 (1.208791E+01,0.000000E+00) 
        12        13 (-1.185049E+01,-5.880411E+00) 
        12        14 (-2.655009E+00,-1.489884E+00) 
        12        15 (2.165563E+00,2.491594E+01) 
        13         1 (1.216290E+01,-1.769660E+01) 
        13         2 (-7.810030E+00,-3.650062E+00) 
        13         3 (3.843264E+00,1.580505E+00) 
        13         4 (-1.378367E+00,3.117256E+00) 
        13         5 (6.207420E+00,-3.339303E+00) 
        13         6 (1.913614E+00,-1.547484E+00) 
        13         7 (-2.424391E+01,5.438867E-01) 
        13         8 (-1.221599E+01,-3.440828E+00) 
        13         9 (-7.148567E+00,-1.672272E+00) 
        13        10 (6.468034E+00,-1.382047E+00) 
        13        11 (-2.965671E-02,1.034615E+01) 
        13        12 (-1.185049E+01,5.880411E+00) 
        13        13 (1.522578E+01,0.000000E+00) 
        13        14 (2.404079E+00,3.065015E-01) 
        13        15 (-1.465589E+01,-2.315977E+01) 
        14         1 (5.152962E+00,-4.489059E+00) 
        14         2 (-2.879617E+00,3.125718E-01) 
        14         3 (2.129856E-02,2.109845E+00) 
        14         4 (1.589358E+00,-1.555690E+00) 
        14         5 (1.816029E+00,-1.036561E+00) 
        14         6 (-4.600713E-01,-1.690655E+00) 
        14         7 (-6.155100E+00,-1.159432E+00) 
        14         8 (-1.617534E+00,-3.067808E+00) 
        14         9 (-4.440425E-01,5.926779E-01) 
        14        10 (2.289531E+00,-3.263258E-01) 
        14        11 (-1.684042E+00,1.343438E+00) 
        14        12 (-2.655009E+00,1.489884E+00) 
        14        13 (2.404079E+00,-3.065015E-01) 
        14        14 (2.277539E+00,0.000000E+00) 
        14        15 (-2.983780E+00,-5.232593E+00) 
        15         1 (1.689626E+01,3.964369E+01) 
        15         2 (1.331662E+01,-9.778262E+00) 
        15         3 (-7.837172E+00,3.930944E+00) 
        15         4 (-1.619148E+00,-3.679721E+00) 
        15         5 (-3.204048E-01,1.334572E+01) 
        15         6 (1.421269E+00,3.572367E+00) 
        15         7 (2.458887E+01,-3.990558E+01) 
        15         8 (1.940286E+01,-1.533432E+01) 
        15         9 (9.002701E+00,-9.028375E+00) 
        15        10 (-4.451731E+00,1.309487E+01) 
        15        11 (-1.545320E+01,-1.161847E+01) 
        15        12 (2.165563E+00,-2.491594E+01) 
        15        13 (-1.465589E+01,2.315977E+01) 
        15        14 (-2.983780E+00,5.232593E+00) 
        15        15 (5.214510E+01,0.000000E+00) 
 estimated covariance matrices using dpss
 805.000000     0.000 dB
 15
 99.500000
 94.500000
 89.500000
 79.500000
 74.500000
 69.500000
 64.500000
 59.500000
 54.500000
 49.500000
 44.500000
 39.500000
 34.500000
 29.500000
 24.500000
         1         1 (4.870256E+00,0.000000E+00) 
         1         2 (-1.626786E+00,3.007141E+00) 
         1         3 (1.372645E+00,3.120587E+00) 
         1         4 (5.500004E+00,-2.076038E+00) 
         1         5 (-2.152705E+00,-7.112764E-01) 
         1         6 (5.473822E-01,5.339919E+00) 
         1         7 (-6.343504E-01,6.479048E-01) 
         1         8 (2.948424E+00,2.818178E-01) 
         1         9 (1.341708E+00,-1.053527E-01) 
         1        10 (-4.885214E+00,-3.042554E+00) 
         1        11 (2.122704E+00,2.873579E+00) 
         1        12 (-5.182343E-01,-1.945231E-01) 
         1        13 (-4.249071E-02,5.059852E-01) 
         1        14 (8.523435E-01,-4.768104E+00) 
         1        15 (3.084197E+00,4.261355E+00) 
         2         1 (-1.626786E+00,-3.007141E+00) 
         2         2 (5.254670E+00,0.000000E+00) 
         2         3 (5.144038E-02,-7.250684E-01) 
         2         4 (-2.951411E+00,-5.917857E+00) 
         2         5 (1.739932E+00,3.334876E+00) 
         2         6 (5.656087E+00,-3.717221E+00) 
         2         7 (2.609035E+00,1.033434E+00) 
         2         8 (-1.585005E+00,-3.350778E+00) 
         2         9 (2.022176E+00,-1.690194E+00) 
         2        10 (-4.847600E-01,2.981048E+00) 
         2        11 (2.386900E+00,-3.603002E+00) 
         2        12 (1.090805E+00,2.867881E+00) 
         2        13 (1.316266E+00,-1.958410E-01) 
         2        14 (-2.777005E+00,-6.801592E-01) 
         2        15 (6.814418E-01,-5.323296E+00) 
         3         1 (1.372645E+00,-3.120587E+00) 
         3         2 (5.144038E-02,7.250684E-01) 
         3         3 (3.819345E+00,0.000000E+00) 
         3         4 (-1.273230E+00,-2.460767E+00) 
         3         5 (-1.423322E+00,-1.681601E-01) 
         3         6 (1.199927E+00,7.562140E-01) 
         3         7 (-6.231703E-01,-1.015966E+00) 
         3         8 (8.328271E-01,-7.197370E-01) 
         3         9 (-1.361593E+00,-1.783540E+00) 
         3        10 (-3.794455E+00,3.107886E+00) 
         3        11 (1.119528E+00,-2.092987E-01) 
         3        12 (1.313189E-01,-1.456627E+00) 
         3        13 (-3.324062E-01,-2.177359E-01) 
         3        14 (-4.264997E+00,-1.034179E+00) 
         3        15 (3.357091E+00,5.510752E-01) 
         4         1 (5.500004E+00,2.076038E+00) 
         4         2 (-2.951411E+00,5.917857E+00) 
         4         3 (-1.273230E+00,2.460767E+00) 
         4         4 (1.094765E+01,0.000000E+00) 
         4         5 (-3.858827E+00,8.656178E-02) 
         4         6 (3.878118E-01,9.363021E+00) 
         4         7 (-1.829408E+00,3.064417E+00) 
         4         8 (4.830887E+00,5.598026E-01) 
         4         9 (2.592380E+00,3.361898E+00) 
         4        10 (-2.960143E+00,-6.081301E+00) 
         4        11 (2.810975E+00,5.586276E+00) 
         4        12 (-3.138967E+00,8.354086E-01) 
         4        13 (-1.256028E-01,1.574265E+00) 
         4        14 (5.438177E+00,-4.417820E+00) 
         4        15 (3.761209E+00,4.968794E+00) 
         5         1 (-2.152705E+00,7.112764E-01) 
         5         2 (1.739932E+00,-3.334876E+00) 
         5         3 (-1.423322E+00,1.681601E-01) 
         5         4 (-3.858827E+00,-8.656178E-02) 
         5         5 (3.498168E+00,0.000000E+00) 
         5         6 (-1.591276E-01,-4.238326E+00) 
         5         7 (1.816904E+00,-5.168706E-01) 
         5         8 (-2.624967E+00,-2.772833E-02) 
         5         9 (9.649165E-02,-1.328457E+00) 
         5        10 (2.284312E+00,1.915040E-02) 
         5        11 (-1.239475E+00,-2.762829E+00) 
         5        12 (2.461437E+00,8.651440E-01) 
         5        13 (6.815047E-01,-7.744935E-01) 
         5        14 (2.354418E-01,1.151081E+00) 
         5        15 (-3.884194E+00,-1.910174E+00) 
         6         1 (5.473822E-01,-5.339919E+00) 
         6         2 (5.656087E+00,3.717221E+00) 
         6         3 (1.199927E+00,-7.562140E-01) 
         6         4 (3.878118E-01,-9.363021E+00) 
         6         5 (-1.591276E-01,4.238326E+00) 
         6         6 (1.002776E+01,0.000000E+00) 
         6         7 (2.573321E+00,3.136072E+00) 
         6         8 (6.636058E-01,-5.020906E+00) 
         6         9 (3.050359E+00,-3.363570E-01) 
         6        10 (-3.441076E+00,3.498467E+00) 
         6        11 (5.424453E+00,-2.888688E+00) 
         6        12 (-5.652960E-01,3.386707E+00) 
         6        13 (1.643904E+00,5.669222E-01) 
         6        14 (-2.923705E+00,-3.467091E+00) 
         6        15 (5.145209E+00,-5.039392E+00) 
         7         1 (-6.343504E-01,-6.479048E-01) 
         7         2 (2.609035E+00,-1.033434E+00) 
         7         3 (-6.231703E-01,1.015966E+00) 
         7         4 (-1.829408E+00,-3.064417E+00) 
         7         5 (1.816904E+00,5.168706E-01) 
         7         6 (2.573321E+00,-3.136072E+00) 
         7         7 (2.643469E+00,0.000000E+00) 
         7         8 (-1.415516E+00,-1.254173E+00) 
         7         9 (1.776008E+00,-1.388832E+00) 
         7        10 (-5.924037E-01,-1.759532E-01) 
         7        11 (3.717831E-01,-2.260449E+00) 
         7        12 (1.734557E+00,1.308711E+00) 
         7        13 (7.812827E-01,-6.903859E-01) 
         7        14 (-6.144178E-01,-1.797583E+00) 
         7        15 (-1.133502E+00,-1.841190E+00) 
         8         1 (2.948424E+00,-2.818178E-01) 
         8         2 (-1.585005E+00,3.350778E+00) 
         8         3 (8.328271E-01,7.197370E-01) 
         8         4 (4.830887E+00,-5.598026E-01) 
         8         5 (-2.624967E+00,2.772833E-02) 
         8         6 (6.636058E-01,5.020906E+00) 
         8         7 (-1.415516E+00,1.254173E+00) 
         8         8 (2.762066E+00,0.000000E+00) 
         8         9 (4.986794E-01,1.353308E+00) 
         8        10 (-2.475260E+00,-1.402792E+00) 
         8        11 (1.773932E+00,2.686535E+00) 
         8        12 (-1.837758E+00,-2.300102E-01) 
         8        13 (-2.277189E-01,8.104974E-01) 
         8        14 (1.026839E+00,-2.057872E+00) 
         8        15 (3.353015E+00,2.449448E+00) 
         9         1 (1.341708E+00,1.053527E-01) 
         9         2 (2.022176E+00,1.690194E+00) 
         9         3 (-1.361593E+00,1.783540E+00) 
         9         4 (2.592380E+00,-3.361898E+00) 
         9         5 (9.649165E-02,1.328457E+00) 
         9         6 (3.050359E+00,3.363570E-01) 
         9         7 (1.776008E+00,1.388832E+00) 
         9         8 (4.986794E-01,-1.353308E+00) 
         9         9 (3.289189E+00,0.000000E+00) 
         9        10 (-1.328451E+00,-2.200896E+00) 
         9        11 (1.861403E+00,-1.407091E-01) 
         9        12 (1.454916E-01,2.393880E+00) 
         9        13 (9.530731E-01,2.398633E-01) 
         9        14 (1.170675E+00,-3.305333E+00) 
         9        15 (5.842388E-01,-6.851695E-01) 
        10         1 (-4.885214E+00,3.042554E+00) 
        10         2 (-4.847600E-01,-2.981048E+00) 
        10         3 (-3.794455E+00,-3.107886E+00) 
        10         4 (-2.960143E+00,6.081301E+00) 
        10         5 (2.284312E+00,-1.915040E-02) 
        10         6 (-3.441076E+00,-3.498467E+00) 
        10         7 (-5.924037E-01,1.759532E-01) 
        10         8 (-2.475260E+00,1.402792E+00) 
        10         9 (-1.328451E+00,2.200896E+00) 
        10        10 (7.936834E+00,0.000000E+00) 
        10        11 (-3.325394E+00,-1.184680E+00) 
        10        12 (-2.197537E-01,4.228491E-01) 
        10        13 (3.438451E-02,-1.199262E-04) 
        10        14 (3.057204E+00,6.249381E+00) 
        10        15 (-5.089035E+00,-2.678656E+00) 
        11         1 (2.122704E+00,-2.873579E+00) 
        11         2 (2.386900E+00,3.603002E+00) 
        11         3 (1.119528E+00,2.092987E-01) 
        11         4 (2.810975E+00,-5.586276E+00) 
        11         5 (-1.239475E+00,2.762829E+00) 
        11         6 (5.424453E+00,2.888688E+00) 
        11         7 (3.717831E-01,2.260449E+00) 
        11         8 (1.773932E+00,-2.686535E+00) 
        11         9 (1.861403E+00,1.407091E-01) 
        11        10 (-3.325394E+00,1.184680E+00) 
        11        11 (4.187067E+00,0.000000E+00) 
        11        12 (-1.160941E+00,2.014919E+00) 
        11        13 (7.685397E-01,9.253840E-01) 
        11        14 (-1.139557E+00,-2.905589E+00) 
        11        15 (4.316309E+00,-1.405557E+00) 
        12         1 (-5.182343E-01,1.945231E-01) 
        12         2 (1.090805E+00,-2.867881E+00) 
        12         3 (1.313189E-01,1.456627E+00) 
        12         4 (-3.138967E+00,-8.354086E-01) 
        12         5 (2.461437E+00,-8.651440E-01) 
        12         6 (-5.652960E-01,-3.386707E+00) 
        12         7 (1.734557E+00,-1.308711E+00) 
        12         8 (-1.837758E+00,2.300102E-01) 
        12         9 (1.454916E-01,-2.393880E+00) 
        12        10 (-2.197537E-01,-4.228491E-01) 
        12        11 (-1.160941E+00,-2.014919E+00) 
        12        12 (2.843824E+00,0.000000E+00) 
        12        13 (4.743376E-01,-1.120759E+00) 
        12        14 (-9.981426E-01,-5.379535E-01) 
        12        15 (-2.659841E+00,-2.114570E-01) 
        13         1 (-4.249071E-02,-5.059852E-01) 
        13         2 (1.316266E+00,1.958410E-01) 
        13         3 (-3.324062E-01,2.177359E-01) 
        13         4 (-1.256028E-01,-1.574265E+00) 
        13         5 (6.815047E-01,7.744935E-01) 
        13         6 (1.643904E+00,-5.669222E-01) 
        13         7 (7.812827E-01,6.903859E-01) 
        13         8 (-2.277189E-01,-8.104974E-01) 
        13         9 (9.530731E-01,-2.398633E-01) 
        13        10 (3.438451E-02,1.199262E-04) 
        13        11 (7.685397E-01,-9.253840E-01) 
        13        12 (4.743376E-01,1.120759E+00) 
        13        13 (6.688134E-01,0.000000E+00) 
        13        14 (-1.149340E-01,-5.449259E-01) 
        13        15 (4.031351E-02,-1.093844E+00) 
        14         1 (8.523435E-01,4.768104E+00) 
        14         2 (-2.777005E+00,6.801592E-01) 
        14         3 (-4.264997E+00,1.034179E+00) 
        14         4 (5.438177E+00,4.417820E+00) 
        14         5 (2.354418E-01,-1.151081E+00) 
        14         6 (-2.923705E+00,3.467091E+00) 
        14         7 (-6.144178E-01,1.797583E+00) 
        14         8 (1.026839E+00,2.057872E+00) 
        14         9 (1.170675E+00,3.305333E+00) 
        14        10 (3.057204E+00,-6.249381E+00) 
        14        11 (-1.139557E+00,2.905589E+00) 
        14        12 (-9.981426E-01,5.379535E-01) 
        14        13 (-1.149340E-01,5.449259E-01) 
        14        14 (7.343789E+00,0.000000E+00) 
        14        15 (-2.859566E+00,2.940254E+00) 
        15         1 (3.084197E+00,-4.261355E+00) 
        15         2 (6.814418E-01,5.323296E+00) 
        15         3 (3.357091E+00,-5.510752E-01) 
        15         4 (3.761209E+00,-4.968794E+00) 
        15         5 (-3.884194E+00,1.910174E+00) 
        15         6 (5.145209E+00,5.039392E+00) 
        15         7 (-1.133502E+00,1.841190E+00) 
        15         8 (3.353015E+00,-2.449448E+00) 
        15         9 (5.842388E-01,6.851695E-01) 
        15        10 (-5.089035E+00,2.678656E+00) 
        15        11 (4.316309E+00,1.405557E+00) 
        15        12 (-2.659841E+00,2.114570E-01) 
        15        13 (4.031351E-02,1.093844E+00) 
        15        14 (-2.859566E+00,-2.940254E+00) 
        15        15 (7.451125E+00,0.000000E+00) 
 estimated covariance matrices using dpss
 850.000000     0.000 dB
 15
 99.500000
 94.500000
 89.500000
 79.500000
 74.500000
 69.500000
 64.500000
 59.500000
 54.500000
 49.500000
 44.500000
 39.500000
 34.500000
 29.500000
 24.500000
         1         1 (1.102665E+01,0.000000E+00) 
         1         2 (-8.727549E-01,2.440757E-01) 
         1         3 (5.192567E+00,1.177865E+00) 
         1         4 (-1.671861E+00,7.281290E+00) 
         1         5 (3.588720E+00,4.305667E+00) 
         1         6 (-4.691978E+00,1.766139E+00) 
         1         7 (-3.528237E+00,-1.606761E+00) 
         1         8 (-3.010963E-01,4.979143E+00) 
         1         9 (-6.623934E+00,-9.290062E+00) 
         1        10 (-9.872117E+00,7.204337E+00) 
         1        11 (-6.939808E-01,4.514466E+00) 
         1        12 (5.854058E+00,-1.544356E+00) 
         1        13 (5.110476E+00,-4.753354E+00) 
         1        14 (-8.778180E+00,5.534500E+00) 
         1        15 (2.654300E-02,-4.746808E+00) 
         2         1 (-8.727549E-01,-2.440757E-01) 
         2         2 (1.307527E+00,0.000000E+00) 
         2         3 (9.944780E-01,-3.270368E-01) 
         2         4 (-9.116984E-01,2.865829E-01) 
         2         5 (2.044047E-01,-7.621687E-02) 
         2         6 (-2.322685E-01,-7.147115E-01) 
         2         7 (2.029118E+00,1.273536E+00) 
         2         8 (5.983742E-01,-5.663844E-01) 
         2         9 (5.820930E-01,9.545410E-01) 
         2        10 (1.142466E+00,2.167140E-01) 
         2        11 (1.165752E+00,-1.057090E+00) 
         2        12 (-2.236009E-01,4.511421E-01) 
         2        13 (-2.269297E+00,8.415593E-01) 
         2        14 (1.536863E+00,5.295353E-01) 
         2        15 (7.289015E-01,3.145946E-02) 
         3         1 (5.192567E+00,-1.177865E+00) 
         3         2 (9.944780E-01,3.270368E-01) 
         3         3 (4.482848E+00,0.000000E+00) 
         3         4 (-1.641726E+00,4.464562E+00) 
         3         5 (2.555914E+00,2.303900E+00) 
         3         6 (-2.624131E+00,4.633597E-01) 
         3         7 (9.010335E-03,1.017481E+00) 
         3         8 (8.670345E-01,2.061889E+00) 
         3         9 (-3.469271E+00,-3.757032E+00) 
         3        10 (-3.718422E+00,5.180771E+00) 
         3        11 (1.200484E+00,1.539736E+00) 
         3        12 (2.864098E+00,-5.641201E-01) 
         3        13 (-8.498135E-02,-2.231923E+00) 
         3        14 (-3.059475E+00,4.238497E+00) 
         3        15 (4.663439E-01,-2.327179E+00) 
         4         1 (-1.671861E+00,-7.281290E+00) 
         4         2 (-9.116984E-01,-2.865829E-01) 
         4         3 (-1.641726E+00,-4.464562E+00) 
         4         4 (7.250488E+00,0.000000E+00) 
         4         5 (2.000795E+00,-3.782373E+00) 
         4         6 (1.815962E+00,4.202390E+00) 
         4         7 (-1.789633E+00,7.401159E-02) 
         4         8 (2.895788E+00,-7.319597E-01) 
         4         9 (-5.666233E+00,5.755814E+00) 
         4        10 (6.252239E+00,5.003685E+00) 
         4        11 (1.619854E+00,-1.574736E-01) 
         4        12 (-2.042024E+00,-4.654003E+00) 
         4        13 (-1.745254E+00,-2.109435E+00) 
         4        14 (4.757310E+00,3.713611E+00) 
         4        15 (-4.522857E+00,1.175282E-01) 
         5         1 (3.588720E+00,-4.305667E+00) 
         5         2 (2.044047E-01,7.621687E-02) 
         5         3 (2.555914E+00,-2.303900E+00) 
         5         4 (2.000795E+00,3.782373E+00) 
         5         5 (3.323927E+00,0.000000E+00) 
         5         6 (-1.176652E+00,2.184948E+00) 
         5         7 (-7.273940E-01,8.445525E-01) 
         5         8 (1.783147E+00,1.674610E+00) 
         5         9 (-5.770104E+00,-8.130928E-01) 
         5        10 (-4.071340E-02,6.150564E+00) 
         5        11 (1.734186E+00,1.299453E+00) 
         5        12 (1.808755E+00,-2.609618E+00) 
         5        13 (-5.806257E-01,-2.877885E+00) 
         5        14 (-3.157853E-01,5.522327E+00) 
         5        15 (-1.316782E+00,-1.794090E+00) 
         6         1 (-4.691978E+00,-1.766139E+00) 
         6         2 (-2.322685E-01,7.147115E-01) 
         6         3 (-2.624131E+00,-4.633597E-01) 
         6         4 (1.815962E+00,-4.202390E+00) 
         6         5 (-1.176652E+00,-2.184948E+00) 
         6         6 (3.319413E+00,0.000000E+00) 
         6         7 (-3.180136E-01,2.027727E+00) 
         6         8 (6.138459E-01,-1.764167E+00) 
         6         9 (1.409015E+00,5.122047E+00) 
         6        10 (5.285197E+00,-1.690462E+00) 
         6        11 (9.519410E-01,-8.529557E-01) 
         6        12 (-3.234749E+00,-2.836958E-02) 
         6        13 (-2.401361E+00,-9.488074E-02) 
         6        14 (3.772237E+00,-8.004781E-01) 
         6        15 (-1.010231E+00,3.112792E+00) 
         7         1 (-3.528237E+00,1.606761E+00) 
         7         2 (2.029118E+00,-1.273536E+00) 
         7         3 (9.010335E-03,-1.017481E+00) 
         7         4 (-1.789633E+00,-7.401159E-02) 
         7         5 (-7.273940E-01,-8.445525E-01) 
         7         6 (-3.180136E-01,-2.027727E+00) 
         7         7 (5.285380E+00,0.000000E+00) 
         7         8 (-1.119247E-01,-2.065841E+00) 
         7         9 (3.809583E+00,1.684381E+00) 
         7        10 (2.831155E+00,-3.506503E+00) 
         7        11 (4.727742E-01,-3.559928E+00) 
         7        12 (-4.876610E-01,1.783292E+00) 
         7        13 (-3.033027E+00,4.684713E+00) 
         7        14 (3.984028E+00,-2.468374E+00) 
         7        15 (2.091239E+00,1.844686E-01) 
         8         1 (-3.010963E-01,-4.979143E+00) 
         8         2 (5.983742E-01,5.663844E-01) 
         8         3 (8.670345E-01,-2.061889E+00) 
         8         4 (2.895788E+00,7.319597E-01) 
         8         5 (1.783147E+00,-1.674610E+00) 
         8         6 (6.138459E-01,1.764167E+00) 
         8         7 (-1.119247E-01,2.065841E+00) 
         8         8 (2.642692E+00,0.000000E+00) 
         8         9 (-3.998602E+00,3.519463E+00) 
         8        10 (3.278167E+00,4.518014E+00) 
         8        11 (2.493495E+00,-2.939942E-02) 
         8        12 (-9.057248E-01,-2.602111E+00) 
         8        13 (-3.036902E+00,-2.186591E+00) 
         8        14 (3.064047E+00,4.009095E+00) 
         8        15 (-1.912154E+00,-1.729656E-01) 
         9         1 (-6.623934E+00,9.290062E+00) 
         9         2 (5.820930E-01,-9.545410E-01) 
         9         3 (-3.469271E+00,3.757032E+00) 
         9         4 (-5.666233E+00,-5.755814E+00) 
         9         5 (-5.770104E+00,8.130928E-01) 
         9         6 (1.409015E+00,-5.122047E+00) 
         9         7 (3.809583E+00,-1.684381E+00) 
         9         8 (-3.998602E+00,-3.519463E+00) 
         9         9 (1.242914E+01,0.000000E+00) 
         9        10 (8.963058E-02,-1.245853E+01) 
         9        11 (-3.338995E+00,-3.522359E+00) 
         9        12 (-2.314431E+00,6.361822E+00) 
         9        13 (5.608103E-01,7.455949E+00) 
         9        14 (6.563220E-01,-1.084893E+01) 
         9        15 (4.011433E+00,3.204490E+00) 
        10         1 (-9.872117E+00,-7.204337E+00) 
        10         2 (1.142466E+00,-2.167140E-01) 
        10         3 (-3.718422E+00,-5.180771E+00) 
        10         4 (6.252239E+00,-5.003685E+00) 
        10         5 (-4.071340E-02,-6.150564E+00) 
        10         6 (5.285197E+00,1.690462E+00) 
        10         7 (2.831155E+00,3.506503E+00) 
        10         8 (3.278167E+00,-4.518014E+00) 
        10         9 (8.963058E-02,1.245853E+01) 
        10        10 (1.426991E+01,0.000000E+00) 
        10        11 (3.522964E+00,-4.081209E+00) 
        10        12 (-6.047156E+00,-2.164366E+00) 
        10        13 (-7.750303E+00,1.754938E+00) 
        10        14 (1.182957E+01,8.840265E-01) 
        10        15 (-3.097552E+00,4.276530E+00) 
        11         1 (-6.939808E-01,-4.514466E+00) 
        11         2 (1.165752E+00,1.057090E+00) 
        11         3 (1.200484E+00,-1.539736E+00) 
        11         4 (1.619854E+00,1.574736E-01) 
        11         5 (1.734186E+00,-1.299453E+00) 
        11         6 (9.519410E-01,8.529557E-01) 
        11         7 (4.727742E-01,3.559928E+00) 
        11         8 (2.493495E+00,2.939942E-02) 
        11         9 (-3.338995E+00,3.522359E+00) 
        11        10 (3.522964E+00,4.081209E+00) 
        11        11 (3.241232E+00,0.000000E+00) 
        11        12 (-9.967488E-01,-1.774483E+00) 
        11        13 (-4.078170E+00,-2.381938E+00) 
        11        14 (3.054694E+00,4.502344E+00) 
        11        15 (-9.629706E-01,5.209724E-01) 
        12         1 (5.854058E+00,1.544356E+00) 
        12         2 (-2.236009E-01,-4.511421E-01) 
        12         3 (2.864098E+00,5.641201E-01) 
        12         4 (-2.042024E+00,4.654003E+00) 
        12         5 (1.808755E+00,2.609618E+00) 
        12         6 (-3.234749E+00,2.836958E-02) 
        12         7 (-4.876610E-01,-1.783292E+00) 
        12         8 (-9.057248E-01,2.602111E+00) 
        12         9 (-2.314431E+00,-6.361822E+00) 
        12        10 (-6.047156E+00,2.164366E+00) 
        12        11 (-9.967488E-01,1.774483E+00) 
        12        12 (4.035232E+00,0.000000E+00) 
        12        13 (3.226614E+00,-9.841836E-01) 
        12        14 (-4.939416E+00,1.774679E+00) 
        12        15 (1.288125E+00,-3.021753E+00) 
        13         1 (5.110476E+00,4.753354E+00) 
        13         2 (-2.269297E+00,-8.415593E-01) 
        13         3 (-8.498135E-02,2.231923E+00) 
        13         4 (-1.745254E+00,2.109435E+00) 
        13         5 (-5.806257E-01,2.877885E+00) 
        13         6 (-2.401361E+00,9.488074E-02) 
        13         7 (-3.033027E+00,-4.684713E+00) 
        13         8 (-3.036902E+00,2.186591E+00) 
        13         9 (5.608103E-01,-7.455949E+00) 
        13        10 (-7.750303E+00,-1.754938E+00) 
        13        11 (-4.078170E+00,2.381938E+00) 
        13        12 (3.226614E+00,9.841836E-01) 
        13        13 (7.237782E+00,0.000000E+00) 
        13        14 (-7.219217E+00,-2.683759E+00) 
        13        15 (6.808548E-01,-2.139748E+00) 
        14         1 (-8.778180E+00,-5.534500E+00) 
        14         2 (1.536863E+00,-5.295353E-01) 
        14         3 (-3.059475E+00,-4.238497E+00) 
        14         4 (4.757310E+00,-3.713611E+00) 
        14         5 (-3.157853E-01,-5.522327E+00) 
        14         6 (3.772237E+00,8.004781E-01) 
        14         7 (3.984028E+00,2.468374E+00) 
        14         8 (3.064047E+00,-4.009095E+00) 
        14         9 (6.563220E-01,1.084893E+01) 
        14        10 (1.182957E+01,-8.840265E-01) 
        14        11 (3.054694E+00,-4.502344E+00) 
        14        12 (-4.939416E+00,-1.774679E+00) 
        14        13 (-7.219217E+00,2.683759E+00) 
        14        14 (1.116604E+01,0.000000E+00) 
        14        15 (-1.975525E+00,2.797815E+00) 
        15         1 (2.654300E-02,4.746808E+00) 
        15         2 (7.289015E-01,-3.145946E-02) 
        15         3 (4.663439E-01,2.327179E+00) 
        15         4 (-4.522857E+00,-1.175282E-01) 
        15         5 (-1.316782E+00,1.794090E+00) 
        15         6 (-1.010231E+00,-3.112792E+00) 
        15         7 (2.091239E+00,-1.844686E-01) 
        15         8 (-1.912154E+00,1.729656E-01) 
        15         9 (4.011433E+00,-3.204490E+00) 
        15        10 (-3.097552E+00,-4.276530E+00) 
        15        11 (-9.629706E-01,-5.209724E-01) 
        15        12 (1.288125E+00,3.021753E+00) 
        15        13 (6.808548E-01,2.139748E+00) 
        15        14 (-1.975525E+00,-2.797815E+00) 
        15        15 (3.418213E+00,0.000000E+00) 
 estimated covariance matrices using dpss
 905.000000     0.000 dB
 15
 99.500000
 94.500000
 89.500000
 79.500000
 74.500000
 69.500000
 64.500000
 59.500000
 54.500000
 49.500000
 44.500000
 39.500000
 34.500000
 29.500000
 24.500000
         1         1 (2.266879E+00,0.000000E+00) 
         1         2 (2.250755E+00,-4.310184E+00) 
         1         3 (3.980430E-01,-1.396743E+00) 
         1         4 (-2.496776E-01,-8.141381E-01) 
         1         5 (-2.562717E+00,-2.717652E-01) 
         1         6 (-7.710910E-01,-8.528292E-01) 
         1         7 (-1.939868E+00,-1.506464E+00) 
         1         8 (-1.679501E+00,-9.366239E-01) 
         1         9 (-5.516135E-01,8.581016E-01) 
         1        10 (-8.329429E-02,-1.771390E+00) 
         1        11 (1.473956E+00,-1.441131E+00) 
         1        12 (-3.330073E+00,1.149513E+00) 
         1        13 (3.207676E+00,-2.003923E+00) 
         1        14 (1.917923E-01,3.301788E-01) 
         1        15 (5.067950E-01,1.857313E+00) 
         2         1 (2.250755E+00,4.310184E+00) 
         2         2 (2.132716E+01,0.000000E+00) 
         2         3 (4.891699E+00,-3.367280E+00) 
         2         4 (6.830854E+00,-9.299395E-01) 
         2         5 (1.368971E+00,-1.065299E+01) 
         2         6 (7.650664E+00,-8.468627E-02) 
         2         7 (1.123014E+00,-8.089186E+00) 
         2         8 (-8.948128E-01,-3.070956E+00) 
         2         9 (-3.951925E+00,-8.839389E-01) 
         2        10 (4.813388E+00,-1.391489E+00) 
         2        11 (5.839406E+00,3.690524E+00) 
         2        12 (-8.320014E+00,-1.044572E+01) 
         2        13 (1.741328E+01,6.359498E+00) 
         2        14 (-1.396618E+00,-1.073577E+00) 
         2        15 (-6.814010E+00,2.106353E+00) 
         3         1 (3.980430E-01,1.396743E+00) 
         3         2 (4.891699E+00,3.367280E+00) 
         3         3 (2.066601E+00,0.000000E+00) 
         3         4 (1.754859E+00,1.561580E+00) 
         3         5 (1.932629E+00,-1.698065E+00) 
         3         6 (1.436850E+00,1.808437E+00) 
         3         7 (1.267707E+00,-1.883477E+00) 
         3         8 (1.297162E-01,-8.825159E-01) 
         3         9 (-7.782167E-01,-6.357155E-01) 
         3        10 (1.068642E+00,1.815473E-01) 
         3        11 (7.367743E-01,1.715427E+00) 
         3        12 (-1.053761E-01,-3.681195E+00) 
         3        13 (3.498327E+00,4.400606E+00) 
         3        14 (3.575449E-01,-6.137017E-01) 
         3        15 (-1.714377E+00,-5.127572E-01) 
         4         1 (-2.496776E-01,8.141381E-01) 
         4         2 (6.830854E+00,9.299395E-01) 
         4         3 (1.754859E+00,-1.561580E+00) 
         4         4 (6.633000E+00,0.000000E+00) 
         4         5 (3.161555E+00,-4.529086E+00) 
         4         6 (7.191020E+00,6.092987E-01) 
         4         7 (5.233041E-01,-1.676259E+00) 
         4         8 (2.773808E+00,3.475056E-01) 
         4         9 (-8.534712E-01,3.878336E-02) 
         4        10 (1.401727E+00,7.710728E-01) 
         4        11 (2.114139E+00,3.111835E+00) 
         4        12 (-1.004992E+00,-5.844918E+00) 
         4        13 (7.240344E+00,-2.979100E-01) 
         4        14 (-5.346895E-01,-2.720501E+00) 
         4        15 (-3.534579E+00,3.547122E-01) 
         5         1 (-2.562717E+00,2.717652E-01) 
         5         2 (1.368971E+00,1.065299E+01) 
         5         3 (1.932629E+00,1.698065E+00) 
         5         4 (3.161555E+00,4.529086E+00) 
         5         5 (7.432058E+00,0.000000E+00) 
         5         6 (3.184346E+00,5.669712E+00) 
         5         7 (3.737766E+00,7.136520E-01) 
         5         8 (2.006574E+00,1.307218E+00) 
         5         9 (3.030910E-01,-1.852407E+00) 
         5        10 (3.556407E-01,2.950159E+00) 
         5        11 (-2.135230E+00,3.903571E+00) 
         5        12 (6.132653E+00,-5.294404E+00) 
         5        13 (-1.046094E-01,8.059980E+00) 
         5        14 (8.216656E-01,-2.024070E+00) 
         5        15 (-1.977238E+00,-4.176681E+00) 
         6         1 (-7.710910E-01,8.528292E-01) 
         6         2 (7.650664E+00,8.468627E-02) 
         6         3 (1.436850E+00,-1.808437E+00) 
         6         4 (7.191020E+00,-6.092987E-01) 
         6         5 (3.184346E+00,-5.669712E+00) 
         6         6 (8.381807E+00,0.000000E+00) 
         6         7 (5.090832E-01,-1.764137E+00) 
         6         8 (3.015114E+00,9.068781E-01) 
         6         9 (-1.099795E+00,3.163151E-02) 
         6        10 (1.635722E+00,9.166717E-01) 
         6        11 (2.256003E+00,3.360652E+00) 
         6        12 (-1.407699E+00,-6.165819E+00) 
         6        13 (8.183688E+00,-1.151025E+00) 
         6        14 (-9.267579E-01,-2.724638E+00) 
         6        15 (-4.182590E+00,3.919754E-01) 
         7         1 (-1.939868E+00,1.506464E+00) 
         7         2 (1.123014E+00,8.089186E+00) 
         7         3 (1.267707E+00,1.883477E+00) 
         7         4 (5.233041E-01,1.676259E+00) 
         7         5 (3.737766E+00,-7.136520E-01) 
         7         6 (5.090832E-01,1.764137E+00) 
         7         7 (3.491117E+00,0.000000E+00) 
         7         8 (1.627683E+00,-8.539665E-01) 
         7         9 (9.095530E-02,-1.656458E+00) 
         7        10 (1.208957E+00,1.856896E+00) 
         7        11 (-8.041689E-01,2.532989E+00) 
         7        12 (3.188829E+00,-3.956211E+00) 
         7        13 (-2.192406E+00,6.707205E+00) 
         7        14 (-1.251632E-01,-3.219471E-01) 
         7        15 (-1.433108E+00,-2.207114E+00) 
         8         1 (-1.679501E+00,9.366239E-01) 
         8         2 (-8.948128E-01,3.070956E+00) 
         8         3 (1.297162E-01,8.825159E-01) 
         8         4 (2.773808E+00,-3.475056E-01) 
         8         5 (2.006574E+00,-1.307218E+00) 
         8         6 (3.015114E+00,-9.068781E-01) 
         8         7 (1.627683E+00,8.539665E-01) 
         8         8 (4.068647E+00,0.000000E+00) 
         8         9 (4.379245E-01,-1.719864E-01) 
         8        10 (8.364941E-01,1.454886E+00) 
         8        11 (4.098769E-01,2.334910E+00) 
         8        12 (1.988420E+00,-3.010698E+00) 
         8        13 (-1.426831E+00,-3.881355E-01) 
         8        14 (-4.297511E-01,-1.373097E+00) 
         8        15 (-1.542700E+00,-1.045414E-01) 
         9         1 (-5.516135E-01,-8.581016E-01) 
         9         2 (-3.951925E+00,8.839389E-01) 
         9         3 (-7.782167E-01,6.357155E-01) 
         9         4 (-8.534712E-01,-3.878336E-02) 
         9         5 (3.030910E-01,1.852407E+00) 
         9         6 (-1.099795E+00,-3.163151E-02) 
         9         7 (9.095530E-02,1.656458E+00) 
         9         8 (4.379245E-01,1.719864E-01) 
         9         9 (9.317699E-01,0.000000E+00) 
         9        10 (-8.851882E-01,5.130549E-01) 
         9        11 (-1.019401E+00,-5.232007E-01) 
         9        12 (1.760096E+00,1.357396E+00) 
         9        13 (-3.669259E+00,-9.433834E-01) 
         9        14 (2.592185E-02,-1.278219E-01) 
         9        15 (1.272687E+00,-5.715945E-01) 
        10         1 (-8.329429E-02,1.771390E+00) 
        10         2 (4.813388E+00,1.391489E+00) 
        10         3 (1.068642E+00,-1.815473E-01) 
        10         4 (1.401727E+00,-7.710728E-01) 
        10         5 (3.556407E-01,-2.950159E+00) 
        10         6 (1.635722E+00,-9.166717E-01) 
        10         7 (1.208957E+00,-1.856896E+00) 
        10         8 (8.364941E-01,-1.454886E+00) 
        10         9 (-8.851882E-01,-5.130549E-01) 
        10        10 (1.916914E+00,0.000000E+00) 
        10        11 (1.706809E+00,1.420242E+00) 
        10        12 (-1.785885E+00,-3.169696E+00) 
        10        13 (2.608532E+00,2.445288E+00) 
        10        14 (-7.299736E-01,-5.488285E-05) 
        10        15 (-1.973148E+00,6.704527E-01) 
        11         1 (1.473956E+00,1.441131E+00) 
        11         2 (5.839406E+00,-3.690524E+00) 
        11         3 (7.367743E-01,-1.715427E+00) 
        11         4 (2.114139E+00,-3.111835E+00) 
        11         5 (-2.135230E+00,-3.903571E+00) 
        11         6 (2.256003E+00,-3.360652E+00) 
        11         7 (-8.041689E-01,-2.532989E+00) 
        11         8 (4.098769E-01,-2.334910E+00) 
        11         9 (-1.019401E+00,5.232007E-01) 
        11        10 (1.706809E+00,-1.420242E+00) 
        11        11 (3.431141E+00,0.000000E+00) 
        11        12 (-5.052620E+00,-2.148289E+00) 
        11        13 (4.837121E+00,-2.148349E+00) 
        11        14 (-1.273284E+00,-1.914419E-01) 
        11        15 (-1.510411E+00,2.814610E+00) 
        12         1 (-3.330073E+00,-1.149513E+00) 
        12         2 (-8.320014E+00,1.044572E+01) 
        12         3 (-1.053761E-01,3.681195E+00) 
        12         4 (-1.004992E+00,5.844918E+00) 
        12         5 (6.132653E+00,5.294404E+00) 
        12         6 (-1.407699E+00,6.165819E+00) 
        12         7 (3.188829E+00,3.956211E+00) 
        12         8 (1.988420E+00,3.010698E+00) 
        12         9 (1.760096E+00,-1.357396E+00) 
        12        10 (-1.785885E+00,3.169696E+00) 
        12        11 (-5.052620E+00,2.148289E+00) 
        12        12 (1.008860E+01,0.000000E+00) 
        12        13 (-7.692492E+00,6.095297E+00) 
        12        14 (2.115470E+00,-8.691061E-01) 
        12        15 (1.112607E+00,-5.084871E+00) 
        13         1 (3.207676E+00,2.003923E+00) 
        13         2 (1.741328E+01,-6.359498E+00) 
        13         3 (3.498327E+00,-4.400606E+00) 
        13         4 (7.240344E+00,2.979100E-01) 
        13         5 (-1.046094E-01,-8.059980E+00) 
        13         6 (8.183688E+00,1.151025E+00) 
        13         7 (-2.192406E+00,-6.707205E+00) 
        13         8 (-1.426831E+00,3.881355E-01) 
        13         9 (-3.669259E+00,9.433834E-01) 
        13        10 (2.608532E+00,-2.445288E+00) 
        13        11 (4.837121E+00,2.148349E+00) 
        13        12 (-7.692492E+00,-6.095297E+00) 
        13        13 (1.935424E+01,0.000000E+00) 
        13        14 (1.634036E-01,-1.567846E+00) 
        13        15 (-5.356711E+00,2.768868E+00) 
        14         1 (1.917923E-01,-3.301788E-01) 
        14         2 (-1.396618E+00,1.073577E+00) 
        14         3 (3.575449E-01,6.137017E-01) 
        14         4 (-5.346895E-01,2.720501E+00) 
        14         5 (8.216656E-01,2.024070E+00) 
        14         6 (-9.267579E-01,2.724638E+00) 
        14         7 (-1.251632E-01,3.219471E-01) 
        14         8 (-4.297511E-01,1.373097E+00) 
        14         9 (2.592185E-02,1.278219E-01) 
        14        10 (-7.299736E-01,5.488285E-05) 
        14        11 (-1.273284E+00,1.914419E-01) 
        14        12 (2.115470E+00,8.691061E-01) 
        14        13 (1.634036E-01,1.567846E+00) 
        14        14 (1.480619E+00,0.000000E+00) 
        14        15 (4.369649E-01,-9.303400E-01) 
        15         1 (5.067950E-01,-1.857313E+00) 
        15         2 (-6.814010E+00,-2.106353E+00) 
        15         3 (-1.714377E+00,5.127572E-01) 
        15         4 (-3.534579E+00,-3.547122E-01) 
        15         5 (-1.977238E+00,4.176681E+00) 
        15         6 (-4.182590E+00,-3.919754E-01) 
        15         7 (-1.433108E+00,2.207114E+00) 
        15         8 (-1.542700E+00,1.045414E-01) 
        15         9 (1.272687E+00,5.715945E-01) 
        15        10 (-1.973148E+00,-6.704527E-01) 
        15        11 (-1.510411E+00,-2.814610E+00) 
        15        12 (1.112607E+00,5.084871E+00) 
        15        13 (-5.356711E+00,-2.768868E+00) 
        15        14 (4.369649E-01,9.303400E-01) 
        15        15 (3.433266E+00,0.000000E+00) 
!  
