!11 layers- example used in GA-paper.                                            
! P sound speed (m/s)                        1600.0000000
! P sound speed (m/s)                        1600.0000000
! P sound speed (m/s)                        1600.0000000
! P sound speed (m/s)                        1600.0000000
! P sound speed (m/s)                        1600.0000000
! P sound speed (m/s)                        1800.0000000
! P sound speed (m/s)                        1800.0000000
! P sound speed (m/s)                        1800.0000000
! P sound speed (m/s)                        1800.0000000
! P sound speed (m/s)                        1800.0000000
! P sound speed (m/s)                        2200.0000000
   1  1  1  (    5.47652,  0.)  1
   1  1  2  (    4.56474,  0.)  2
   1  1  3  (    4.01481,  0.)  3
   1  1  4  (    3.70386,  0.)  4
   1  1  5  (    3.32809,  0.)  5
   1  1  6  (    2.69161,  0.)  6
   1  1  7  (    1.94775,  0.)  7
   1  1  8  (    1.27743,  0.)  8
   1  1  9  (   0.874495,  0.)  9
   1  1  10  (    1.06978,  0.)  10
   1  1  11  (    1.59047,  0.)  11
   1  1  12  (    2.18719,  0.)  12
   1  1  13  (    3.09969,  0.)  13
   1  1  14  (    4.43120,  0.)  14
   1  1  15  (    6.40883,  0.)  15
   1  1  16  (    9.23199,  0.)  16
   1  1  17  (   10.26859,  0.)  17
   1  1  18  (    8.19752,  0.)  18
   1  1  19  (    9.88046,  0.)  19
   1  1  20  (    13.0439,  0.)  20
   1  1  21  (   10.32435,  0.)  21
   1  1  22  (    6.82164,  0.)  22
   1  1  23  (    4.80703,  0.)  23
   1  1  24  (    4.47838,  0.)  24
   1  1  25  (    4.33483,  0.)  25
   1  1  26  (    2.95995,  0.)  26
   1  1  27  (    1.86213,  0.)  27
   1  1  28  (    1.64175,  0.)  28
   1  1  29  (    2.59132,  0.)  29
   1  1  30  (    4.30946,  0.)  30
   1  1  31  (    6.72677,  0.)  31
   1  1  32  (   10.41906,  0.)  32
   1  1  33  (    11.9822,  0.)  33
   1  1  34  (    8.50565,  0.)  34
   1  1  35  (    7.96436,  0.)  35
   1  1  36  (    11.3408,  0.)  36
   1  1  37  (    10.9103,  0.)  37
   1  1  38  (    7.10967,  0.)  38
   1  1  39  (    4.35666,  0.)  39
   1  1  40  (    3.02663,  0.)  40
   1  1  41  (    3.88529,  0.)  41
   1  1  42  (    6.57860,  0.)  42
   1  1  43  (    11.7334,  0.)  43
   1  1  44  (    18.2160,  0.)  44
   1  1  45  (    18.5552,  0.)  45
   1  1  46  (    14.7348,  0.)  46
   1  1  47  (    9.65763,  0.)  47
   1  1  48  (    7.00655,  0.)  48
   1  1  49  (   10.09865,  0.)  49
   1  1  50  (    19.4734,  0.)  50
   1  1  51  (    19.6608,  0.)  51
   1  1  52  (    14.6777,  0.)  52
   1  1  53  (    13.8262,  0.)  53
   1  1  54  (    15.6626,  0.)  54
   1  1  55  (    13.6751,  0.)  55
   1  1  56  (    11.8179,  0.)  56
   1  1  57  (   10.52049,  0.)  57
   1  1  58  (    9.57425,  0.)  58
   1  1  59  (    8.84657,  0.)  59
   1  1  60  (    8.26372,  0.)  60
   1  1  61  (    7.78249,  0.)  61
   1  1  62  (    7.37583,  0.)  62
   1  1  63  (    7.02590,  0.)  63
   1  1  64  (    6.72036,  0.)  64
