! File format: Hydrophone vectors
! Source range (m)                              6200.0000
! Source depth (m)                                50.0000
! P sound speed (m/s)                              0.0000
! P sound speed (m/s)                           1500.0000
  comparison with oases and snap                             
   100.0000               2           1
          48
     18.72
     20.72
     22.72
     24.72
     26.72
     28.72
     30.72
     32.72
     34.72
     36.72
     38.72
     40.72
     42.72
     44.72
     46.72
     48.72
     50.72
     52.72
     54.72
     56.72
     58.72
     60.72
     62.72
     64.72
     66.72
     68.72
     70.72
     72.72
     74.72
     76.72
     78.72
     80.72
     82.72
     84.72
     86.72
     88.72
     90.72
     92.72
     94.72
     96.72
     98.72
    100.72
    102.72
    104.72
    106.72
    108.72
    110.72
    112.72
           1   (2.896131E-04,4.798255E-04)   5.604537E-04
           2   (3.381803E-04,5.062404E-04)   6.088064E-04
           3   (3.868702E-04,5.286583E-04)   6.550940E-04
           4   (4.336530E-04,5.477529E-04)   6.986331E-04
           5   (4.762493E-04,5.641817E-04)   7.383187E-04
           6   (5.122372E-04,5.785230E-04)   7.727068E-04
           7   (5.391797E-04,5.912244E-04)   8.001631E-04
           8   (5.547715E-04,6.025672E-04)   8.190596E-04
           9   (5.569882E-04,6.126515E-04)   8.279962E-04
          10   (5.442430E-04,6.213996E-04)   8.260374E-04
          11   (5.155275E-04,6.285788E-04)   8.129452E-04
          12   (4.705376E-04,6.338402E-04)   7.894042E-04
          13   (4.097663E-04,6.367664E-04)   7.572185E-04
          14   (3.345631E-04,6.369291E-04)   7.194520E-04
          15   (2.471491E-04,6.339446E-04)   6.804178E-04
          16   (1.505837E-04,6.275233E-04)   6.453379E-04
          17   (4.709448E-05,6.173340E-04)   6.191277E-04
          18  (-6.028048E-05,6.032273E-04)   6.062317E-04
          19  (-1.642401E-04,5.856528E-04)   6.082467E-04
          20  (-2.601029E-04,5.648997E-04)   6.219044E-04
          21  (-3.432146E-04,5.413894E-04)   6.410138E-04
          22  (-4.092072E-04,5.156331E-04)   6.582766E-04
          23  (-4.542540E-04,4.881810E-04)   6.668339E-04
          24  (-4.753023E-04,4.595689E-04)   6.611474E-04
          25  (-4.702720E-04,4.302638E-04)   6.374031E-04
          26  (-4.382097E-04,4.006195E-04)   5.937371E-04
          27  (-3.793845E-04,3.708449E-04)   5.305267E-04
          28  (-2.953221E-04,3.409899E-04)   4.510978E-04
          29  (-1.887725E-04,3.109497E-04)   3.637647E-04
          30  (-6.361079E-05,2.804927E-04)   2.876152E-04
          31   (7.532201E-05,2.493048E-04)   2.604348E-04
          32   (2.224346E-04,2.170510E-04)   3.107865E-04
          33   (3.716400E-04,1.834471E-04)   4.144504E-04
          34   (5.166418E-04,1.483336E-04)   5.375143E-04
          35   (6.512327E-04,1.117477E-04)   6.607507E-04
          36   (7.695893E-04,7.398115E-05)   7.731370E-04
          37   (8.665481E-04,3.561818E-05)   8.672798E-04
          38  (9.378474E-04,-2.450647E-06)   9.378506E-04
          39  (9.803206E-04,-3.904466E-05)   9.810978E-04
          40  (9.920325E-04,-7.274278E-05)   9.946959E-04
          41  (9.723507E-04,-1.019603E-04)   9.776818E-04
          42  (9.219516E-04,-1.250541E-04)   9.303942E-04
          43  (8.427583E-04,-1.404469E-04)   8.543810E-04
          44  (7.378192E-04,-1.467596E-04)   7.522737E-04
          45  (6.111347E-04,-1.429476E-04)   6.276302E-04
          46  (4.674431E-04,-1.284188E-04)   4.847623E-04
          47  (3.119797E-04,-1.031329E-04)   3.285845E-04
          48  (1.502218E-04,-6.766587E-05)   1.647582E-04
  comparison with oases and snap                             
   200.0000               2           1
          48
     18.72
     20.72
     22.72
     24.72
     26.72
     28.72
     30.72
     32.72
     34.72
     36.72
     38.72
     40.72
     42.72
     44.72
     46.72
     48.72
     50.72
     52.72
     54.72
     56.72
     58.72
     60.72
     62.72
     64.72
     66.72
     68.72
     70.72
     72.72
     74.72
     76.72
     78.72
     80.72
     82.72
     84.72
     86.72
     88.72
     90.72
     92.72
     94.72
     96.72
     98.72
    100.72
    102.72
    104.72
    106.72
    108.72
    110.72
    112.72
           1   (8.140380E-04,2.224308E-04)   8.438799E-04
           2   (1.012335E-03,3.238913E-04)   1.062886E-03
           3   (1.118087E-03,3.592212E-04)   1.174376E-03
           4   (1.119114E-03,3.276556E-04)   1.166094E-03
           5   (1.017806E-03,2.409390E-04)   1.045936E-03
           6   (8.297861E-04,1.206061E-04)   8.385050E-04
           7  (5.807505E-04,-6.427240E-06)   5.807860E-04
           8  (3.021935E-04,-1.130912E-04)   3.226616E-04
           9  (2.681185E-05,-1.772130E-04)   1.792298E-04
          10 (-2.157289E-04,-1.854731E-04)   2.844982E-04
          11 (-4.022027E-04,-1.356427E-04)   4.244595E-04
          12 (-5.181324E-04,-3.676967E-05)   5.194354E-04
          13  (-5.588238E-04,9.264592E-05)   5.664515E-04
          14  (-5.290675E-04,2.281799E-04)   5.761758E-04
          15  (-4.415121E-04,3.440800E-04)   5.597535E-04
          16  (-3.139582E-04,4.181881E-04)   5.229254E-04
          17  (-1.681521E-04,4.328080E-04)   4.643252E-04
          18  (-2.434815E-05,3.807390E-04)   3.815167E-04
          19   (1.065144E-04,2.739547E-04)   2.939328E-04
          20   (2.162098E-04,1.290227E-04)   2.517807E-04
          21  (3.036504E-04,-2.965141E-05)   3.050948E-04
          22  (3.737337E-04,-1.743589E-04)   4.124050E-04
          23  (4.348330E-04,-2.791829E-04)   5.167425E-04
          24  (4.954556E-04,-3.247503E-04)   5.924010E-04
          25  (5.608381E-04,-3.017170E-04)   6.368458E-04
          26  (6.303622E-04,-2.123586E-04)   6.651712E-04
          27  (6.964828E-04,-6.996351E-05)   6.999880E-04
          28   (7.456022E-04,1.037690E-04)   7.527886E-04
          29   (7.607965E-04,2.827620E-04)   8.116438E-04
          30   (7.258296E-04,4.411568E-04)   8.493809E-04
          31   (6.295347E-04,5.575464E-04)   8.409352E-04
          32   (4.695115E-04,6.181452E-04)   7.762374E-04
          33   (2.542508E-04,6.184187E-04)   6.686443E-04
          34   (3.137654E-06,5.630580E-04)   5.630667E-04
          35  (-2.558047E-04,4.644118E-04)   5.302022E-04
          36  (-4.901023E-04,3.397496E-04)   5.963473E-04
          37  (-6.682872E-04,2.078637E-04)   6.998679E-04
          38  (-7.656189E-04,8.558906E-05)   7.703881E-04
          39 (-7.690134E-04,-1.514339E-05)   7.691625E-04
          40 (-6.801145E-04,-8.920595E-05)   6.859398E-04
          41 (-5.157755E-04,-1.386934E-04)   5.340975E-04
          42 (-3.056720E-04,-1.717107E-04)   3.505994E-04
          43 (-8.735681E-05,-1.997423E-04)   2.180097E-04
          44  (1.003735E-04,-2.341370E-04)   2.547449E-04
          45  (2.245065E-04,-2.826077E-04)   3.609298E-04
          46  (2.638481E-04,-3.466131E-04)   4.356104E-04
          47  (2.128512E-04,-4.204191E-04)   4.712302E-04
          48  (8.249559E-05,-4.922276E-04)   4.990927E-04
