!azimuth 148.54154.6
 0.000000   34.690000 
 600.000000   55.125000 
 1200.000000   43.810000 
 1800.000000   53.690000 
 2400.000000   59.380000 
 3000.000000   60.845000 
 3600.000000   56.405000 
 4200.000000   46.560000 
 4800.000000   46.500000 
 5400.000000   49.940000 
 6000.000000   54.595000 
 6600.000000   56.810000 
 7200.000000   58.130000 
 7800.000000   59.410000 
 8400.000000   60.125000 
 9000.000000   59.030000 
 9600.000000   57.720000 
 10200.000000   55.940000 
 10800.000000   55.220000 
 11400.000000   54.625000 
 12000.000000   52.375000 
 12600.000000   50.130000 
 13200.000000   50.000000 
 13800.000000   48.560000 
 14400.000000   47.280000 
 15000.000000   46.505000 
 15600.000000   47.500000 
 16200.000000   54.720000 
 16800.000000   60.380000 
 17400.000000   60.560000 
 18000.000000   61.315000 
 18600.000000   60.000000 
 19200.000000   59.375000 
 19800.000000   57.220000 
 20400.000000   54.690000 
 21000.000000   51.690000 
 21600.000000   46.880000 
 22200.000000   46.190000 
 22800.000000   44.440000 
 23400.000000   41.380000 
 24000.000000   40.285000 
 24600.000000   38.685000 
 25200.000000   38.280000 
 25800.000000   37.565000 
 26400.000000   37.250000 
 27000.000000   36.845000 
 27600.000000   36.630000 
 28200.000000   36.595000 
 28800.000000   35.470000 
 29400.000000   35.285000 
 30000.000000   35.380000 
 30600.000000   34.500000 
 31200.000000   33.560000 
 31800.000000   33.970000 
 32400.000000   34.505000 
 33000.000000   34.505000 
 33600.000000   35.535000 
 34200.000000   34.470000 
 34800.000000   34.815000 
 35400.000000   33.845000 
 36000.000000   33.310000 
 36600.000000   33.440000 
 37200.000000   34.905000 
 37800.000000   34.970000 
 38400.000000   33.435000 
 39000.000000   33.405000 
 39600.000000   36.285000 
 40200.000000   40.685000 
 40800.000000   43.690000 
 41400.000000   46.750000 
 42000.000000   48.440000 
 42600.000000   49.810000 
 43200.000000   50.440000 
 43800.000000   50.440000 
 44400.000000   49.410000 
 45000.000000   49.310000 
 45600.000000   47.685000 
 46200.000000   47.125000 
 46800.000000   43.780000 
 47400.000000   36.875000 
 48000.000000   32.560000 
 48600.000000   29.720000 
 49200.000000   31.500000 
 49800.000000   37.970000 
 50400.000000   39.595000 
 51000.000000   41.440000 
 51600.000000   41.190000 
 52200.000000   38.880000 
 52800.000000   37.685000 
 53400.000000   35.780000 
 54000.000000   34.530000 
 54600.000000   34.595000 
 55200.000000   35.065000 
 55800.000000   34.940000 
 56400.000000   35.310000 
 57000.000000   35.595000 
 57600.000000   35.910000 
 58200.000000   35.780000 
 58800.000000   34.940000 
 59400.000000   34.155000 
 60000.000000   30.500000 
 60600.000000   28.815000 
 61200.000000   40.505000 
 61800.000000   45.375000 
 62400.000000   47.440000 
 63000.000000   49.530000 
 63600.000000   49.720000 
 64200.000000   48.940000 
 64800.000000   44.690000 
 65400.000000   39.535000 
 66000.000000   32.220000 
 66600.000000   29.780000 
 67200.000000   29.940000 
 67800.000000   30.660000 
 68400.000000   32.155000 
 69000.000000   32.750000 
 69600.000000   33.315000 
 70200.000000   32.530000 
 70800.000000   32.345000 
 71400.000000   30.220000 
 72000.000000   28.345000 
 72600.000000   27.505000 
 73200.000000   26.380000 
 73800.000000   24.065000 
 74400.000000   23.285000 
 75000.000000   23.690000 
 75600.000000   25.500000 
 76200.000000   29.000000 
 76800.000000   29.750000 
 77400.000000   29.315000 
 78000.000000   27.785000 
 78600.000000   25.750000 
 79200.000000   26.405000 
 79800.000000   25.280000 
 80400.000000   24.310000 
 81000.000000   22.065000 
 81600.000000   21.750000 
 82200.000000   20.595000 
 82800.000000   18.220000 
 83400.000000   17.030000 
 84000.000000   16.935000 
 84600.000000   16.655000 
 85200.000000   12.560000 
 85800.000000   12.095000 
 86400.000000   11.630000 
 87000.000000   10.500000 
 87600.000000   10.565000 
 88200.000000   11.595000 
 88800.000000   12.375000 
 89400.000000   12.125000 
 90000.000000   13.785000 
 90600.000000   14.910000 
 91200.000000   16.065000 
 91800.000000   16.095000 
 92400.000000   16.035000 
 93000.000000   16.130000 
 93600.000000   15.315000 
 94200.000000   14.500000 
 94800.000000   12.750000 
 95400.000000   12.750000 
 96000.000000   12.560000 
 96600.000000   12.810000 
 97200.000000   12.810000 
 97800.000000   12.940000 
 98400.000000   12.125000 
 99000.000000   11.250000 
 99600.000000   13.755000 
 100200.000000   13.940000 
 100800.000000   14.000000 
 101400.000000   14.940000 
 102000.000000   14.690000 
 102600.000000   13.755000 
 103200.000000   12.785000 
 103800.000000   12.660000 
 104400.000000   12.940000 
 105000.000000   13.060000 
 105600.000000   10.470000 
 106200.000000   9.315000 
 106800.000000   9.970000 
 107400.000000   9.470000 
 108000.000000   9.720000 
 108600.000000   10.315000 
 109200.000000   13.530000 
 109800.000000   15.440000 
 110400.000000   16.315000 
 111000.000000   16.375000 
 111600.000000   18.000000 
 112200.000000   18.815000 
 112800.000000   19.750000 
 113400.000000   19.280000 
 114000.000000   19.750000 
 114600.000000   21.435000 
 115200.000000   22.310000 
 115800.000000   22.310000 
 116400.000000   22.720000 
 117000.000000   22.565000 
 117600.000000   22.810000 
 118200.000000   23.685000 
 118800.000000   23.720000 
 119400.000000   25.250000 
 120000.000000   25.410000 
 120600.000000   26.280000 
 121200.000000   25.905000 
 121800.000000   26.000000 
 122400.000000   25.470000 
 123000.000000   25.435000 
 123600.000000   25.470000 
 124200.000000   25.500000 
 124800.000000   26.005000 
 125400.000000   26.000000 
 126000.000000   25.815000 
 126600.000000   25.500000 
 127200.000000   23.905000 
 127800.000000   23.655000 
 128400.000000   23.660000 
 129000.000000   22.845000 
 129600.000000   22.780000 
 130200.000000   21.905000 
 130800.000000   21.565000 
 131400.000000   21.815000 
 132000.000000   21.530000 
 132600.000000   22.345000 
 133200.000000   22.095000 
 133800.000000   22.315000 
 134400.000000   23.655000 
 135000.000000   26.345000 
 135600.000000   27.065000 
 136200.000000   27.255000 
 136800.000000   28.500000 
 137400.000000   29.160000 
 138000.000000   29.595000 
 138600.000000   29.500000 
 139200.000000   27.500000 
 139800.000000   26.845000 
 140400.000000   26.160000 
 141000.000000   26.530000 
 141600.000000   28.125000 
 142200.000000   28.500000 
 142800.000000   29.000000 
 143400.000000   28.500000 
 144000.000000   27.845000 
 144600.000000   26.720000 
 145200.000000   26.375000 
 145800.000000   26.435000 
 146400.000000   26.000000 
 147000.000000   24.685000 
 147600.000000   22.440000 
 148200.000000   22.095000 
 148800.000000   20.160000 
 149400.000000   19.315000 
 150000.000000   19.000000 
 150600.000000   19.780000 
 151200.000000   19.500000 
 151800.000000   19.500000 
 152400.000000   19.125000 
 153000.000000   19.280000 
 153600.000000   18.685000 
 154200.000000   18.060000 
 154800.000000   17.535000 
 155400.000000   17.660000 
 156000.000000   18.315000 
 156600.000000   18.750000 
 157200.000000   19.000000 
 157800.000000   18.750000 
 158400.000000   18.875000 
 159000.000000   16.970000 
 159600.000000   16.845000 
 160200.000000   15.470000 
 160800.000000   14.660000 
 161400.000000   13.095000 
 162000.000000   12.095000 
 162600.000000   13.000000 
 163200.000000   14.470000 
 163800.000000   15.440000 
 164400.000000   15.875000 
 165000.000000   14.535000 
 165600.000000   15.875000 
 166200.000000   19.660000 
 166800.000000   19.845000 
 167400.000000   21.875000 
 168000.000000   23.560000 
 168600.000000   23.690000 
 169200.000000   24.405000 
 169800.000000   24.155000 
 170400.000000   23.875000 
 171000.000000   22.880000 
 171600.000000   17.845000 
 172200.000000   14.190000 
 172800.000000   10.970000 
 173400.000000   8.630000 
 174000.000000   7.005000 
 174600.000000   4.815000 
 175200.000000   3.380000 
 175800.000000   2.130000 
 176400.000000   2.220000 
 177000.000000   1.655000 
 177600.000000   1.655000 
 178200.000000   1.560000 
 178800.000000   1.560000 
 179400.000000   1.470000 
 180000.000000   1.560000 
 180600.000000   0.810000 
 181200.000000   0.625000 
 181800.000000   0.440000 
 182400.000000   0.440000 
 183000.000000   0.535000 
 183600.000000   0.720000 
 184200.000000   0.625000 
 184800.000000   1.285000 
 185400.000000   2.310000 
 186000.000000   4.405000 
 186600.000000   4.530000 
 187200.000000   6.405000 
 187800.000000   7.845000 
 188400.000000   9.250000 
 189000.000000   10.690000 
 189600.000000   15.220000 
 190200.000000   16.125000 
 190800.000000   17.565000 
 191400.000000   17.470000 
 192000.000000   16.625000 
 192600.000000   15.030000 
 193200.000000   14.375000 
 193800.000000   14.375000 
 194400.000000   15.815000 
 195000.000000   18.250000 
 195600.000000   17.780000 
 196200.000000   17.935000 
 196800.000000   20.910000 
 197400.000000   22.470000 
 198000.000000   21.565000 
 198600.000000   20.000000 
 199200.000000   21.310000 
 199800.000000   23.470000 
 200400.000000   24.190000 
 201000.000000   26.315000 
 201600.000000   26.565000 
 202200.000000   25.380000 
 202800.000000   21.345000 
 203400.000000   19.785000 
 204000.000000   14.845000 
 204600.000000   12.030000 
 205200.000000   13.155000 
 205800.000000   17.155000 
 206400.000000   19.565000 
 207000.000000   17.280000 
 207600.000000   15.060000 
 208200.000000   12.030000 
 208800.000000   8.345000 
 209400.000000   9.315000 
 210000.000000   15.190000 
 210600.000000   18.125000 
 211200.000000   18.125000 
 211800.000000   18.720000 
 212400.000000   19.000000 
 213000.000000   19.220000 
 213600.000000   16.720000 
 214200.000000   13.940000 
 214800.000000   12.405000 
 215400.000000   11.535000 
 216000.000000   8.845000 
 216600.000000   8.815000 
 217200.000000   9.500000 
 217800.000000   8.780000 
 218400.000000   6.250000 
 219000.000000   5.750000 
 219600.000000   6.250000 
 220200.000000   9.380000 
 220800.000000   9.125000 
 221400.000000   4.500000 
 222000.000000   4.405000 
 222600.000000   2.690000 
 223200.000000   2.035000 
 223800.000000   1.750000 
 224400.000000   1.285000 
 225000.000000   0.535000 
 225600.000000   0.345000 
 226200.000000   0.250000 
 226800.000000   -14.875000 
 227400.000000   0.630000 
 228000.000000   0.720000 
 228600.000000   0.630000 
 229200.000000   0.720000 
 229800.000000   0.810000 
 230400.000000   0.810000 
 231000.000000   0.440000 
 231600.000000   0.535000 
 232200.000000   0.250000 
 232800.000000   0.250000 
 233400.000000   0.250000 
 234000.000000   0.440000 
 234600.000000   -30.000000 
 235200.000000   -14.780000 
 235800.000000   -30.000000 
 236400.000000   -14.780000 
 237000.000000   0.345000 
 237600.000000   0.250000 
 238200.000000   -30.000000 
 238800.000000   -30.000000 
 239400.000000   -30.000000 
 240000.000000   -30.000000 
 240600.000000   -30.000000 
 241200.000000   -30.000000 
 241800.000000   -14.875000 
 242400.000000   -30.000000 
 243000.000000   -30.000000 
 243600.000000   -30.000000 
 244200.000000   -30.000000 
 244800.000000   -30.000000 
 245400.000000   -30.000000 
 246000.000000   -30.000000 
 246600.000000   -30.000000 
 247200.000000   -30.000000 
 247800.000000   -30.000000 
 248400.000000   -30.000000 
 249000.000000   -30.000000 
 249600.000000   -30.000000 
 250200.000000   -30.000000 
 250800.000000   -30.000000 
 251400.000000   -30.000000 
 252000.000000   -30.000000 
 252600.000000   -30.000000 
 253200.000000   -30.000000 
 253800.000000   -30.000000 
 254400.000000   -30.000000 
 255000.000000   -30.000000 
 255600.000000   -30.000000 
 256200.000000   -30.000000 
 256800.000000   -30.000000 
 257400.000000   -30.000000 
 258000.000000   -30.000000 
 258600.000000   -30.000000 
 259200.000000   -30.000000 
 259800.000000   -30.000000 
 260400.000000   -30.000000 
 261000.000000   -30.000000 
 261600.000000   -30.000000 
 262200.000000   -30.000000 
 262800.000000   -30.000000 
 263400.000000   0.000000 
!  
