!azimuth 148.46154.52
 0.000000   35.190000 
 600.000000   60.380000 
 1200.000000   41.940000 
 1800.000000   59.785000 
 2400.000000   63.035000 
 3000.000000   63.035000 
 3600.000000   52.660000 
 4200.000000   44.065000 
 4800.000000   43.500000 
 5400.000000   45.380000 
 6000.000000   46.595000 
 6600.000000   48.000000 
 7200.000000   49.000000 
 7800.000000   49.595000 
 8400.000000   49.810000 
 9000.000000   48.630000 
 9600.000000   48.750000 
 10200.000000   49.630000 
 10800.000000   50.060000 
 11400.000000   50.310000 
 12000.000000   50.755000 
 12600.000000   51.530000 
 13200.000000   50.560000 
 13800.000000   50.155000 
 14400.000000   50.345000 
 15000.000000   50.160000 
 15600.000000   49.880000 
 16200.000000   48.095000 
 16800.000000   42.220000 
 17400.000000   37.125000 
 18000.000000   35.630000 
 18600.000000   36.130000 
 19200.000000   38.095000 
 19800.000000   41.940000 
 20400.000000   45.880000 
 21000.000000   47.875000 
 21600.000000   48.505000 
 22200.000000   50.750000 
 22800.000000   51.535000 
 23400.000000   52.190000 
 24000.000000   52.130000 
 24600.000000   51.625000 
 25200.000000   50.815000 
 25800.000000   49.435000 
 26400.000000   47.500000 
 27000.000000   45.035000 
 27600.000000   40.310000 
 28200.000000   38.005000 
 28800.000000   29.375000 
 29400.000000   20.595000 
 30000.000000   22.285000 
 30600.000000   25.500000 
 31200.000000   27.315000 
 31800.000000   33.440000 
 32400.000000   36.250000 
 33000.000000   40.500000 
 33600.000000   42.940000 
 34200.000000   43.630000 
 34800.000000   43.970000 
 35400.000000   43.250000 
 36000.000000   41.065000 
 36600.000000   37.875000 
 37200.000000   34.380000 
 37800.000000   27.690000 
 38400.000000   23.405000 
 39000.000000   24.905000 
 39600.000000   30.810000 
 40200.000000   33.940000 
 40800.000000   38.630000 
 41400.000000   41.625000 
 42000.000000   42.500000 
 42600.000000   44.440000 
 43200.000000   44.655000 
 43800.000000   45.440000 
 44400.000000   45.500000 
 45000.000000   45.935000 
 45600.000000   44.785000 
 46200.000000   44.785000 
 46800.000000   44.785000 
 47400.000000   43.940000 
 48000.000000   41.880000 
 48600.000000   40.660000 
 49200.000000   39.060000 
 49800.000000   37.250000 
 50400.000000   35.345000 
 51000.000000   34.935000 
 51600.000000   32.785000 
 52200.000000   31.815000 
 52800.000000   30.690000 
 53400.000000   29.440000 
 54000.000000   28.535000 
 54600.000000   28.220000 
 55200.000000   28.940000 
 55800.000000   29.595000 
 56400.000000   29.815000 
 57000.000000   31.000000 
 57600.000000   31.250000 
 58200.000000   32.410000 
 58800.000000   33.595000 
 59400.000000   34.255000 
 60000.000000   35.030000 
 60600.000000   35.690000 
 61200.000000   36.345000 
 61800.000000   37.410000 
 62400.000000   38.155000 
 63000.000000   37.625000 
 63600.000000   37.220000 
 64200.000000   36.130000 
 64800.000000   35.190000 
 65400.000000   34.845000 
 66000.000000   33.785000 
 66600.000000   30.880000 
 67200.000000   29.125000 
 67800.000000   28.125000 
 68400.000000   27.660000 
 69000.000000   27.535000 
 69600.000000   26.815000 
 70200.000000   27.565000 
 70800.000000   27.845000 
 71400.000000   27.875000 
 72000.000000   27.440000 
 72600.000000   27.810000 
 73200.000000   27.310000 
 73800.000000   26.755000 
 74400.000000   24.500000 
 75000.000000   23.250000 
 75600.000000   22.655000 
 76200.000000   23.220000 
 76800.000000   23.220000 
 77400.000000   24.060000 
 78000.000000   25.500000 
 78600.000000   24.815000 
 79200.000000   23.500000 
 79800.000000   22.595000 
 80400.000000   22.375000 
 81000.000000   22.785000 
 81600.000000   23.310000 
 82200.000000   23.315000 
 82800.000000   22.750000 
 83400.000000   23.565000 
 84000.000000   23.005000 
 84600.000000   22.970000 
 85200.000000   23.535000 
 85800.000000   28.160000 
 86400.000000   31.970000 
 87000.000000   31.310000 
 87600.000000   30.530000 
 88200.000000   31.005000 
 88800.000000   32.690000 
 89400.000000   32.880000 
 90000.000000   32.810000 
 90600.000000   35.030000 
 91200.000000   35.880000 
 91800.000000   36.125000 
 92400.000000   36.185000 
 93000.000000   35.190000 
 93600.000000   35.155000 
 94200.000000   35.310000 
 94800.000000   37.690000 
 95400.000000   37.845000 
 96000.000000   36.970000 
 96600.000000   36.750000 
 97200.000000   36.845000 
 97800.000000   35.785000 
 98400.000000   33.845000 
 99000.000000   33.375000 
 99600.000000   33.375000 
 100200.000000   32.030000 
 100800.000000   31.755000 
 101400.000000   30.970000 
 102000.000000   30.440000 
 102600.000000   30.530000 
 103200.000000   29.125000 
 103800.000000   26.720000 
 104400.000000   24.440000 
 105000.000000   21.440000 
 105600.000000   21.905000 
 106200.000000   22.030000 
 106800.000000   21.470000 
 107400.000000   20.845000 
 108000.000000   20.845000 
 108600.000000   20.470000 
 109200.000000   18.750000 
 109800.000000   15.875000 
 110400.000000   18.500000 
 111000.000000   17.905000 
 111600.000000   17.905000 
 112200.000000   16.750000 
 112800.000000   15.125000 
 113400.000000   17.345000 
 114000.000000   17.220000 
 114600.000000   17.220000 
 115200.000000   11.845000 
 115800.000000   10.755000 
 116400.000000   10.910000 
 117000.000000   10.910000 
 117600.000000   10.500000 
 118200.000000   9.595000 
 118800.000000   9.000000 
 119400.000000   8.690000 
 120000.000000   9.000000 
 120600.000000   10.250000 
 121200.000000   12.595000 
 121800.000000   13.535000 
 122400.000000   14.875000 
 123000.000000   16.905000 
 123600.000000   17.190000 
 124200.000000   16.875000 
 124800.000000   17.065000 
 125400.000000   17.440000 
 126000.000000   19.095000 
 126600.000000   19.655000 
 127200.000000   20.220000 
 127800.000000   20.845000 
 128400.000000   21.940000 
 129000.000000   23.535000 
 129600.000000   24.095000 
 130200.000000   25.125000 
 130800.000000   24.940000 
 131400.000000   24.315000 
 132000.000000   23.595000 
 132600.000000   21.750000 
 133200.000000   22.000000 
 133800.000000   20.315000 
 134400.000000   22.125000 
 135000.000000   22.435000 
 135600.000000   22.310000 
 136200.000000   21.560000 
 136800.000000   23.560000 
 137400.000000   23.560000 
 138000.000000   23.345000 
 138600.000000   22.625000 
 139200.000000   21.565000 
 139800.000000   20.220000 
 140400.000000   19.565000 
 141000.000000   19.035000 
 141600.000000   18.255000 
 142200.000000   17.005000 
 142800.000000   17.405000 
 143400.000000   18.060000 
 144000.000000   19.185000 
 144600.000000   19.905000 
 145200.000000   19.500000 
 145800.000000   21.905000 
 146400.000000   20.470000 
 147000.000000   17.560000 
 147600.000000   16.720000 
 148200.000000   16.785000 
 148800.000000   14.690000 
 149400.000000   12.155000 
 150000.000000   12.060000 
 150600.000000   15.970000 
 151200.000000   17.000000 
 151800.000000   18.250000 
 152400.000000   18.845000 
 153000.000000   17.160000 
 153600.000000   14.970000 
 154200.000000   14.785000 
 154800.000000   14.030000 
 155400.000000   13.250000 
 156000.000000   13.345000 
 156600.000000   12.125000 
 157200.000000   10.690000 
 157800.000000   9.505000 
 158400.000000   9.190000 
 159000.000000   7.905000 
 159600.000000   7.810000 
 160200.000000   7.560000 
 160800.000000   7.690000 
 161400.000000   6.535000 
 162000.000000   5.125000 
 162600.000000   4.380000 
 163200.000000   4.000000 
 163800.000000   1.845000 
 164400.000000   1.280000 
 165000.000000   0.630000 
 165600.000000   0.440000 
 166200.000000   0.345000 
 166800.000000   0.250000 
 167400.000000   -30.000000 
 168000.000000   -30.000000 
 168600.000000   -30.000000 
 169200.000000   -30.000000 
 169800.000000   -30.000000 
 170400.000000   -30.000000 
 171000.000000   0.250000 
 171600.000000   -14.595000 
 172200.000000   0.810000 
 172800.000000   -13.560000 
 173400.000000   -14.310000 
 174000.000000   1.095000 
 174600.000000   1.470000 
 175200.000000   1.280000 
 175800.000000   3.940000 
 176400.000000   4.560000 
 177000.000000   4.160000 
 177600.000000   2.220000 
 178200.000000   2.505000 
 178800.000000   2.035000 
 179400.000000   1.095000 
 180000.000000   0.720000 
 180600.000000   -14.685000 
 181200.000000   -14.595000 
 181800.000000   -14.780000 
 182400.000000   0.625000 
 183000.000000   -14.780000 
 183600.000000   0.250000 
 184200.000000   -30.000000 
 184800.000000   0.250000 
 185400.000000   0.440000 
 186000.000000   -30.000000 
 186600.000000   -30.000000 
 187200.000000   -30.000000 
 187800.000000   -30.000000 
 188400.000000   -30.000000 
 189000.000000   -30.000000 
 189600.000000   -14.875000 
 190200.000000   -14.875000 
 190800.000000   -14.875000 
 191400.000000   -14.780000 
 192000.000000   1.470000 
 192600.000000   2.505000 
 193200.000000   2.035000 
 193800.000000   0.720000 
 194400.000000   1.000000 
 195000.000000   0.720000 
 195600.000000   1.000000 
 196200.000000   2.410000 
 196800.000000   4.315000 
 197400.000000   5.880000 
 198000.000000   6.345000 
 198600.000000   6.530000 
 199200.000000   7.470000 
 199800.000000   7.815000 
 200400.000000   7.875000 
 201000.000000   7.970000 
 201600.000000   8.030000 
 202200.000000   7.565000 
 202800.000000   7.625000 
 203400.000000   7.625000 
 204000.000000   7.000000 
 204600.000000   6.440000 
 205200.000000   5.595000 
 205800.000000   4.000000 
 206400.000000   4.155000 
 207000.000000   3.470000 
 207600.000000   3.905000 
 208200.000000   2.130000 
 208800.000000   1.380000 
 209400.000000   1.845000 
 210000.000000   2.405000 
 210600.000000   1.845000 
 211200.000000   1.940000 
 211800.000000   1.375000 
 212400.000000   1.940000 
 213000.000000   1.750000 
 213600.000000   2.125000 
 214200.000000   1.005000 
 214800.000000   0.720000 
 215400.000000   -14.780000 
 216000.000000   0.905000 
 216600.000000   1.380000 
 217200.000000   1.565000 
 217800.000000   1.750000 
 218400.000000   2.405000 
 219000.000000   2.940000 
 219600.000000   4.755000 
 220200.000000   5.035000 
 220800.000000   6.785000 
 221400.000000   6.785000 
 222000.000000   6.315000 
 222600.000000   6.130000 
 223200.000000   6.690000 
 223800.000000   6.630000 
 224400.000000   6.095000 
 225000.000000   4.155000 
 225600.000000   2.780000 
 226200.000000   1.845000 
 226800.000000   3.750000 
 227400.000000   3.315000 
 228000.000000   2.785000 
 228600.000000   2.220000 
 229200.000000   1.470000 
 229800.000000   1.000000 
 230400.000000   0.630000 
 231000.000000   0.535000 
 231600.000000   0.810000 
 232200.000000   0.810000 
 232800.000000   0.905000 
 233400.000000   0.810000 
 234000.000000   1.560000 
 234600.000000   1.750000 
 235200.000000   1.845000 
 235800.000000   1.750000 
 236400.000000   2.310000 
 237000.000000   1.845000 
 237600.000000   2.220000 
 238200.000000   2.220000 
 238800.000000   2.500000 
 239400.000000   1.470000 
 240000.000000   1.755000 
 240600.000000   1.470000 
 241200.000000   1.190000 
 241800.000000   1.000000 
 242400.000000   0.905000 
 243000.000000   0.810000 
 243600.000000   0.905000 
 244200.000000   0.250000 
 244800.000000   0.250000 
 245400.000000   -14.875000 
 246000.000000   -30.000000 
 246600.000000   -30.000000 
 247200.000000   -30.000000 
 247800.000000   -30.000000 
 248400.000000   -30.000000 
 249000.000000   -30.000000 
 249600.000000   -30.000000 
 250200.000000   -30.000000 
 250800.000000   -30.000000 
 251400.000000   -30.000000 
 252000.000000   -30.000000 
 252600.000000   -30.000000 
 253200.000000   -30.000000 
 253800.000000   -30.000000 
 254400.000000   -30.000000 
 255000.000000   -30.000000 
 255600.000000   -30.000000 
 256200.000000   -30.000000 
 256800.000000   -30.000000 
 257400.000000   -30.000000 
 258000.000000   -30.000000 
 258600.000000   -30.000000 
 259200.000000   -30.000000 
 259800.000000   -30.000000 
 260400.000000   -30.000000 
 261000.000000   -30.000000 
 261600.000000   -30.000000 
 262200.000000   -30.000000 
 262800.000000   -30.000000 
 263400.000000   -30.000000 
!  
