 1.000000 0.000002 -0.000115 0.000072 -0.000334 0.435042  
 2.000000 0.000017 -0.000093 -0.000099 -0.000221 0.425503  
 3.000000 0.000015 -0.000036 -0.000031 -0.000146 0.406273  
 4.000000 0.000027 0.000083 -0.000039 -0.000102 0.377831  
 5.000000 0.000033 0.000110 -0.000092 -0.000290 0.341101  
 6.000000 0.000022 0.000141 -0.000110 -0.000294 0.296910  
 7.000000 0.000017 0.000081 -0.000148 -0.000090 0.246021  
 8.000000 -0.000001 0.000020 0.000022 -0.000053 0.189336  
 9.000000 0.000006 0.000012 0.000055 -0.000052 0.128704  
 10.000000 0.000005 0.000049 0.000015 -0.000164 0.065073  
 11.000000 0.000000 0.000000 0.000000 0.000000 0.000000  
 12.000000 0.002622 0.007850 0.013066 -0.018099 -0.000453  
 13.000000 0.005232 0.015675 0.025988 -0.035978 -0.000592  
 14.000000 0.007819 0.023493 0.038831 -0.053449 -0.000823  
 15.000000 0.010436 0.031249 0.051375 -0.069944 -0.001060  
 16.000000 0.013064 0.038836 0.063481 -0.085527 -0.001266  
 17.000000 0.015675 0.046446 0.074983 -0.099593 -0.001477  
 18.000000 0.018274 0.053896 0.086059 -0.112526 -0.001720  
 19.000000 0.020887 0.061257 0.096398 -0.123818 -0.001987  
 20.000000 0.023474 0.068370 0.105985 -0.133026 -0.002336  
 21.000000 0.026060 0.075270 0.114730 -0.140144 -0.002132  
 22.000000 0.028645 0.081921 0.122636 -0.145223 -0.002409  
 23.000000 0.031251 0.088501 0.129611 -0.148146 -0.002470  
 24.000000 0.033837 0.094756 0.135637 -0.148840 -0.002145  
 25.000000 0.036367 0.100817 0.140695 -0.147127 -0.001885  
 26.000000 0.038904 0.106496 0.144438 -0.143395 -0.001423  
 27.000000 0.041444 0.112053 0.147183 -0.137488 -0.000937  
 28.000000 0.043949 0.117078 0.148783 -0.129606 -0.000792  
 29.000000 0.046471 0.121853 0.149270 -0.119679 -0.000492  
 30.000000 0.048954 0.126248 0.148520 -0.107676 -0.000314  
 31.000000 0.051414 0.130262 0.146768 -0.094315 -0.000169  
 32.000000 0.053847 0.133913 0.143814 -0.079575 0.000105  
 33.000000 0.056287 0.137182 0.139781 -0.063442 0.000339  
 34.000000 0.058721 0.140110 0.134682 -0.046525 0.000655  
 35.000000 0.061146 0.142576 0.128459 -0.028807 0.001109  
 36.000000 0.063521 0.144810 0.121304 -0.010781 0.001388  
 37.000000 0.065907 0.146534 0.113282 0.007615 0.001765  
 38.000000 0.068246 0.147871 0.104355 0.025721 0.002023  
 39.000000 0.070578 0.148890 0.094394 0.043489 0.002308  
 40.000000 0.072880 0.149452 0.083853 0.060621 0.002321  
 41.000000 0.075156 0.149483 0.072758 0.076851 0.002318  
 42.000000 0.077388 0.149164 0.061167 0.091797 0.002386  
 43.000000 0.079638 0.148469 0.048922 0.105494 0.002366  
 44.000000 0.081866 0.147375 0.036342 0.117732 0.002236  
 45.000000 0.084038 0.145876 0.023513 0.128043 0.001866  
 46.000000 0.086181 0.143911 0.010405 0.136367 0.001554  
 47.000000 0.088303 0.141569 -0.002661 0.142858 0.001165  
 48.000000 0.090402 0.138831 -0.015764 0.147102 0.000807  
 49.000000 0.092447 0.135788 -0.028930 0.149142 0.000661  
 50.000000 0.094492 0.132305 -0.041661 0.148935 0.000324  
 51.000000 0.096508 0.128457 -0.054100 0.146526 0.000021  
 52.000000 0.098503 0.124224 -0.066221 0.141706 -0.000520  
 53.000000 0.100459 0.119694 -0.077568 0.135260 -0.000946  
 54.000000 0.102397 0.114797 -0.088552 0.126150 -0.001355  
 55.000000 0.104266 0.109554 -0.098735 0.115463 -0.001741  
 56.000000 0.106148 0.104049 -0.108209 0.102973 -0.001868  
 57.000000 0.107997 0.098228 -0.117006 0.088964 -0.001998  
 58.000000 0.109784 0.092126 -0.124649 0.073525 -0.002167  
 59.000000 0.111528 0.085840 -0.131396 0.057033 -0.002067  
 60.000000 0.113258 0.079276 -0.137198 0.039670 -0.002292  
 61.000000 0.114933 0.072551 -0.141975 0.021699 -0.002113  
 62.000000 0.116590 0.065673 -0.145616 0.003406 -0.001866  
 63.000000 0.118201 0.058515 -0.148046 -0.014912 -0.001735  
 64.000000 0.119802 0.051255 -0.149577 -0.032979 -0.001572  
 65.000000 0.121356 0.043814 -0.149672 -0.050769 -0.001384  
 66.000000 0.122865 0.036277 -0.148601 -0.067744 -0.000974  
 67.000000 0.124322 0.028586 -0.146413 -0.083452 -0.000735  
 68.000000 0.125766 0.020949 -0.143153 -0.098299 -0.000432  
 69.000000 0.127173 0.013125 -0.138823 -0.111424 -0.000500  
 70.000000 0.128544 0.005234 -0.133479 -0.122726 -0.000262  
 71.000000 0.129844 -0.002599 -0.127049 -0.132058 -0.000019  
 72.000000 0.131137 -0.010492 -0.119749 -0.139789 0.000116  
 73.000000 0.132337 -0.018286 -0.111471 -0.145384 0.000558  
 74.000000 0.133530 -0.026058 -0.102398 -0.148805 0.000893  
 75.000000 0.134695 -0.033753 -0.092419 -0.149953 0.001324  
 76.000000 0.135837 -0.041257 -0.081815 -0.148958 0.001581  
 77.000000 0.136929 -0.048815 -0.070629 -0.145353 0.001880  
 78.000000 0.137954 -0.056222 -0.058805 -0.139622 0.002024  
 79.000000 0.138953 -0.063336 -0.046359 -0.132070 0.002067  
 80.000000 0.139946 -0.070348 -0.033665 -0.122429 0.002227  
 81.000000 0.140844 -0.077227 -0.020733 -0.110771 0.002127  
 82.000000 0.141696 -0.083853 -0.007674 -0.097552 0.001749  
 83.000000 0.142503 -0.090314 0.005396 -0.082866 0.001458  
 84.000000 0.143260 -0.096468 0.018387 -0.066859 0.001366  
 85.000000 0.144010 -0.102329 0.031456 -0.049675 0.001113  
 86.000000 0.144702 -0.107928 0.044206 -0.031880 0.000983  
 87.000000 0.145388 -0.113288 0.056523 -0.013570 0.000702  
 88.000000 0.145968 -0.118273 0.068347 0.004688 0.000182  
 89.000000 0.146526 -0.122966 0.079893 0.023186 -0.000046  
 90.000000 0.147028 -0.127208 0.090607 0.040946 -0.000436  
 91.000000 0.147476 -0.131078 0.100686 0.058224 -0.000313  
 92.000000 0.147864 -0.134602 0.109949 0.074881 -0.000442  
 93.000000 0.148197 -0.137875 0.118477 0.090402 -0.000596  
 94.000000 0.148539 -0.140644 0.125914 0.104584 -0.000800  
 95.000000 0.148830 -0.143148 0.132258 0.117309 -0.000876  
 96.000000 0.149061 -0.145281 0.137920 0.128024 -0.001162  
 97.000000 0.149231 -0.146965 0.142428 0.136597 -0.001486  
 98.000000 0.149369 -0.148156 0.145913 0.143232 -0.001402  
 99.000000 0.149485 -0.149023 0.148179 0.147727 -0.001480  
 100.000000 0.149536 -0.149430 0.149432 0.149796 -0.001428  
