!TPEM optimizing for the tri-linear profiles (fig 6)                             
! Range factors   baseheight                       0.0000
! Range factors   baseheight                       0.0000
! Range factors   baseheight                       0.0000
! Range factors   baseheight                       0.0000
! Range factors   baseheight                       0.0000
! Range factors   baseheight                       0.0000
! M-defecit (M-units)                             50.0000
! Thickness (m)                                   20.0000
! Slopes ......                                    0.1300
! Slopes ......                                    0.0000
  10101.0     -135.200    
  10606.1     -136.300    
  11111.1     -137.400    
  11616.2     -138.200    
  12121.2     -139.000    
  12626.3     -139.800    
  13131.3     -140.500    
  13636.4     -141.100    
  14141.4     -142.100    
  14646.5     -142.800    
  15151.5     -143.400    
  15656.6     -144.400    
  16161.6     -145.200    
  16666.7     -146.100    
  17171.7     -147.000    
  17676.8     -147.600    
  18181.8     -148.200    
  18686.9     -148.900    
  19191.9     -149.700    
  19697.0     -150.000    
  20202.0     -151.000    
  20707.1     -153.300    
  21212.1     -154.300    
  21717.2     -153.200    
  22222.2     -152.900    
  22727.3     -153.900    
  23232.3     -156.000    
  23737.4     -156.200    
  24242.4     -153.300    
  24747.5     -151.100    
  25252.5     -150.500    
  25757.6     -150.900    
  26262.6     -151.200    
  26767.7     -150.500    
  27272.7     -148.800    
  27777.8     -146.900    
  28282.8     -145.200    
  28787.9     -143.800    
  29292.9     -142.800    
  29798.0     -142.100    
  30303.0     -141.800    
  30808.1     -141.500    
  31313.1     -141.300    
  31818.2     -141.000    
  32323.2     -140.700    
  32828.3     -140.400    
  33333.3     -140.400    
  33838.4     -140.700    
  34343.4     -141.500    
  34848.5     -142.800    
  35353.5     -144.700    
  35858.6     -146.800    
  36363.6     -147.900    
  36868.7     -147.200    
  37373.7     -145.600    
  37878.8     -144.000    
  38383.8     -142.700    
  38888.9     -141.700    
  39393.9     -140.800    
  39899.0     -140.300    
  40404.0     -139.900    
  40909.1     -139.900    
  41414.1     -140.100    
  41919.2     -140.600    
  42424.2     -141.300    
  42929.3     -142.300    
  43434.3     -143.500    
  43939.4     -145.000    
  44444.4     -147.000    
  44949.5     -149.600    
  45454.5     -152.700    
  45959.6     -155.800    
  46464.6     -156.000    
  46969.7     -153.500    
  47474.7     -151.100    
  47979.8     -149.300    
  48484.8     -148.000    
  48989.9     -147.000    
  49494.9     -145.900    
  50000.0     -145.000    
  50505.1     -144.400    
  51010.1     -144.200    
  51515.2     -144.200    
  52020.2     -144.300    
  52525.3     -144.100    
  53030.3     -143.700    
  53535.4     -143.400    
  54040.4     -143.400    
  54545.5     -144.000    
  55050.5     -145.100    
  55555.6     -146.200    
  56060.6     -147.000    
  56565.7     -146.800    
  57070.7     -146.100    
  57575.8     -145.300    
  58080.8     -144.900    
  58585.9     -144.900    
  59090.9     -145.300    
  59596.0     -146.200    
  60101.0     -147.800    
