! File format: Covariance matrix
! Sediment depth (m)                              30.6873
! Sediment sound speed (m/s)                    1530.4399
! Sediment sound speed (m/s)                    1604.1500
! Bottom speed (m/s)                            1689.0000
  sdc.dat test case                                          
   100.0000    
          20           1
   5.000000    
   9.999994    
   14.99999    
   19.99998    
   24.99998    
   29.99997    
   34.99997    
   39.99996    
   44.99996    
   49.99995    
   54.99995    
   59.99994    
   64.99994    
   69.99993    
   74.99992    
   79.99992    
   84.99992    
   89.99991    
   94.99991    
   99.99990    
    1    1 (  0.50535964E-05,  0.00000000E+00 )
    1    2 (  0.61598621E-05,  0.47965597E-06 )
    1    3 (  0.69428002E-05,  0.15001680E-05 )
    1    4 (  0.65702516E-05,  0.25871541E-05 )
    1    5 (  0.58638580E-05,  0.30122699E-05 )
    1    6 (  0.51105535E-05,  0.22781328E-05 )
    1    7 (  0.38531098E-05,  0.46166559E-06 )
    1    8 (  0.15357252E-05, -0.18171739E-05 )
    1    9 ( -0.16025828E-05, -0.37533216E-05 )
    1   10 ( -0.43033983E-05, -0.47677581E-05 )
    1   11 ( -0.50915646E-05, -0.47005374E-05 )
    1   12 ( -0.34995865E-05, -0.37216348E-05 )
    1   13 ( -0.62685149E-06, -0.21185087E-05 )
    1   14 (  0.15529361E-05, -0.17005000E-06 )
    1   15 (  0.16361236E-05,  0.18265654E-05 )
    1   16 ( -0.20989488E-06,  0.34920904E-05 )
    1   17 ( -0.25211793E-05,  0.44209323E-05 )
    1   18 ( -0.37968891E-05,  0.43751484E-05 )
    1   19 ( -0.35991786E-05,  0.34609811E-05 )
    1   20 ( -0.25647350E-05,  0.21029530E-05 )
    2    1 (  0.61598621E-05, -0.47965597E-06 )
    2    2 (  0.11668117E-04,  0.00000000E+00 )
    2    3 (  0.11750721E-04,  0.15971634E-05 )
    2    4 (  0.11271500E-04,  0.34547370E-05 )
    2    5 (  0.10150808E-04,  0.42538982E-05 )
    2    6 (  0.88017814E-05,  0.31295644E-05 )
    2    7 (  0.64733335E-05,  0.26903587E-06 )
    2    8 (  0.23206869E-05, -0.32237308E-05 )
    2    9 ( -0.31539694E-05, -0.60396865E-05 )
    2   10 ( -0.77809555E-05, -0.73781589E-05 )
    2   11 ( -0.90841449E-05, -0.71641152E-05 )
    2   12 ( -0.63074226E-05, -0.57410712E-05 )
    2   13 ( -0.13179759E-05, -0.34450081E-05 )
    2   14 (  0.25628199E-05, -0.48432582E-06 )
    2   15 (  0.29600690E-05,  0.28282559E-05 )
    2   16 (  0.10324407E-06,  0.58397850E-05 )
    2   17 ( -0.36234978E-05,  0.76854094E-05 )
    2   18 ( -0.57528491E-05,  0.77745481E-05 )
    2   19 ( -0.55422465E-05,  0.62272925E-05 )
    2   20 ( -0.39964320E-05,  0.38327812E-05 )
    3    1 (  0.69428002E-05, -0.15001680E-05 )
    3    2 (  0.11750721E-04, -0.15971634E-05 )
    3    3 (  0.14986112E-04,  0.00000000E+00 )
    3    4 (  0.13374955E-04,  0.21902733E-05 )
    3    5 (  0.12222046E-04,  0.32741684E-05 )
    3    6 (  0.10511203E-04,  0.22022491E-05 )
    3    7 (  0.74158179E-05, -0.69582467E-06 )
    3    8 (  0.21444866E-05, -0.40316686E-05 )
    3    9 ( -0.45280312E-05, -0.63918233E-05 )
    3   10 ( -0.10006151E-04, -0.72001376E-05 )
    3   11 ( -0.11457550E-04, -0.67545279E-05 )
    3   12 ( -0.80740829E-05, -0.55633873E-05 )
    3   13 ( -0.20347936E-05, -0.37203461E-05 )
    3   14 (  0.28444708E-05, -0.94853914E-06 )
    3   15 (  0.38099051E-05,  0.27635131E-05 )
    3   16 (  0.10218155E-05,  0.66364628E-05 )
    3   17 ( -0.29377718E-05,  0.93159551E-05 )
    3   18 ( -0.53496415E-05,  0.97471966E-05 )
    3   19 ( -0.53493013E-05,  0.79520159E-05 )
    3   20 ( -0.39591259E-05,  0.49849386E-05 )
    4    1 (  0.65702516E-05, -0.25871541E-05 )
    4    2 (  0.11271500E-04, -0.34547370E-05 )
    4    3 (  0.13374955E-04, -0.21902733E-05 )
    4    4 (  0.14826305E-04,  0.00000000E+00 )
    4    5 (  0.12516509E-04,  0.12485824E-05 )
    4    6 (  0.10665867E-04,  0.47183005E-06 )
    4    7 (  0.71635309E-05, -0.18740432E-05 )
    4    8 (  0.14561429E-05, -0.42998122E-05 )
    4    9 ( -0.54691341E-05, -0.55432670E-05 )
    4   10 ( -0.10973328E-04, -0.54561697E-05 )
    4   11 ( -0.12325640E-04, -0.47858257E-05 )
    4   12 ( -0.88149091E-05, -0.41608291E-05 )
    4   13 ( -0.25939419E-05, -0.33229583E-05 )
    4   14 (  0.26381913E-05, -0.13875519E-05 )
    4   15 (  0.41817011E-05,  0.20990692E-05 )
    4   16 (  0.20686491E-05,  0.63465686E-05 )
    4   17 ( -0.13854424E-05,  0.96114309E-05 )
    4   18 ( -0.36823358E-05,  0.10421985E-04 )
    4   19 ( -0.39704096E-05,  0.86607615E-05 )
    4   20 ( -0.30832532E-05,  0.55265559E-05 )
    5    1 (  0.58638580E-05, -0.30122699E-05 )
    5    2 (  0.10150808E-04, -0.42538982E-05 )
    5    3 (  0.12222046E-04, -0.32741684E-05 )
    5    4 (  0.12516509E-04, -0.12485824E-05 )
    5    5 (  0.13096113E-04,  0.00000000E+00 )
    5    6 (  0.99520639E-05, -0.55008593E-06 )
    5    7 (  0.64810843E-05, -0.24047858E-05 )
    5    8 (  0.95425924E-06, -0.41293652E-05 )
    5    9 ( -0.55943910E-05, -0.46427404E-05 )
    5   10 ( -0.10699587E-04, -0.40517562E-05 )
    5   11 ( -0.11893731E-04, -0.33037034E-05 )
    5   12 ( -0.85744268E-05, -0.30484355E-05 )
    5   13 ( -0.27176491E-05, -0.28465697E-05 )
    5   14 (  0.23222333E-05, -0.15334840E-05 )
    5   15 (  0.40792224E-05,  0.15624680E-05 )
    5   16 (  0.25098623E-05,  0.57041116E-05 )
    5   17 ( -0.39635293E-06,  0.90571821E-05 )
    5   18 ( -0.24549988E-05,  0.10023021E-04 )
    5   19 ( -0.28858253E-05,  0.84135809E-05 )
    5   20 ( -0.23521243E-05,  0.54197653E-05 )
    6    1 (  0.51105535E-05, -0.22781328E-05 )
    6    2 (  0.88017814E-05, -0.31295644E-05 )
    6    3 (  0.10511203E-04, -0.22022491E-05 )
    6    4 (  0.10665867E-04, -0.47183005E-06 )
    6    5 (  0.99520639E-05,  0.55008593E-06 )
    6    6 (  0.98127202E-05,  0.00000000E+00 )
    6    7 (  0.56051790E-05, -0.17343949E-05 )
    6    8 (  0.10021380E-05, -0.34548177E-05 )
    6    9 ( -0.45236065E-05, -0.41966450E-05 )
    6   10 ( -0.88777961E-05, -0.39349443E-05 )
    6   11 ( -0.99248400E-05, -0.33569283E-05 )
    6   12 ( -0.71237828E-05, -0.29851108E-05 )
    6   13 ( -0.21697881E-05, -0.25396878E-05 )
    6   14 (  0.20398584E-05, -0.11908038E-05 )
    6   15 (  0.33838330E-05,  0.15152286E-05 )
    6   16 (  0.18598397E-05,  0.49516389E-05 )
    6   17 ( -0.76016090E-06,  0.76571341E-05 )
    6   18 ( -0.25500465E-05,  0.83792229E-05 )
    6   19 ( -0.28397690E-05,  0.69950875E-05 )
    6   20 ( -0.22472343E-05,  0.44829148E-05 )
    7    1 (  0.38531098E-05, -0.46166559E-06 )
    7    2 (  0.64733335E-05, -0.26903587E-06 )
    7    3 (  0.74158179E-05,  0.69582467E-06 )
    7    4 (  0.71635309E-05,  0.18740432E-05 )
    7    5 (  0.64810843E-05,  0.24047858E-05 )
    7    6 (  0.56051790E-05,  0.17343949E-05 )
    7    7 (  0.54222210E-05,  0.00000000E+00 )
    7    8 (  0.13722671E-05, -0.20835780E-05 )
    7    9 ( -0.21367960E-05, -0.37079437E-05 )
    7   10 ( -0.50753692E-05, -0.44272238E-05 )
    7   11 ( -0.58876026E-05, -0.42589118E-05 )
    7   12 ( -0.41079566E-05, -0.34383015E-05 )
    7   13 ( -0.91694596E-06, -0.21275393E-05 )
    7   14 (  0.15956650E-05, -0.37078041E-06 )
    7   15 (  0.19313552E-05,  0.16976686E-05 )
    7   16 (  0.21710035E-06,  0.36620627E-05 )
    7   17 ( -0.20734790E-05,  0.49174823E-05 )
    7   18 ( -0.34074280E-05,  0.50289577E-05 )
    7   19 ( -0.33156191E-05,  0.40524851E-05 )
    7   20 ( -0.24079957E-05,  0.25094932E-05 )
    8    1 (  0.15357252E-05,  0.18171739E-05 )
    8    2 (  0.23206869E-05,  0.32237308E-05 )
    8    3 (  0.21444866E-05,  0.40316686E-05 )
    8    4 (  0.14561429E-05,  0.42998122E-05 )
    8    5 (  0.95425924E-06,  0.41293652E-05 )
    8    6 (  0.10021380E-05,  0.34548177E-05 )
    8    7 (  0.13722671E-05,  0.20835780E-05 )
    8    8 (  0.28824479E-05,  0.00000000E+00 )
    8    9 (  0.11779595E-05, -0.23444672E-05 )
    8   10 (  0.55529790E-06, -0.40916211E-05 )
    8   11 (  0.19521809E-06, -0.44507401E-05 )
    8   12 (  0.37518382E-06, -0.32628056E-05 )
    8   13 (  0.78012346E-06, -0.11869400E-05 )
    8   14 (  0.72793557E-06,  0.69197273E-06 )
    8   15 ( -0.21794357E-06,  0.15613737E-05 )
    8   16 ( -0.18018269E-05,  0.13460790E-05 )
    8   17 ( -0.32170515E-05,  0.59661636E-06 )
    8   18 ( -0.37239629E-05, -0.48796174E-07 )
    8   19 ( -0.31930326E-05, -0.33107438E-06 )
    8   20 ( -0.20969262E-05, -0.38668341E-06 )
    9    1 ( -0.16025828E-05,  0.37533216E-05 )
    9    2 ( -0.31539694E-05,  0.60396865E-05 )
    9    3 ( -0.45280312E-05,  0.63918233E-05 )
    9    4 ( -0.54691341E-05,  0.55432670E-05 )
    9    5 ( -0.55943910E-05,  0.46427404E-05 )
    9    6 ( -0.45236065E-05,  0.41966450E-05 )
    9    7 ( -0.21367960E-05,  0.37079437E-05 )
    9    8 (  0.11779595E-05,  0.23444672E-05 )
    9    9 (  0.58535156E-05,  0.00000000E+00 )
    9   10 (  0.66990769E-05, -0.22998997E-05 )
    9   11 (  0.69722123E-05, -0.31283762E-05 )
    9   12 (  0.52900009E-05, -0.19376835E-05 )
    9   13 (  0.24200694E-05,  0.28164985E-06 )
    9   14 ( -0.50002456E-06,  0.16486440E-05 )
    9   15 ( -0.25610375E-05,  0.86838952E-06 )
    9   16 ( -0.34508221E-05, -0.17251098E-05 )
    9   17 ( -0.33919739E-05, -0.44714698E-05 )
    9   18 ( -0.27930996E-05, -0.57454822E-05 )
    9   19 ( -0.19515587E-05, -0.51490865E-05 )
    9   20 ( -0.10221925E-05, -0.35118553E-05 )
   10    1 ( -0.43033983E-05,  0.47677581E-05 )
   10    2 ( -0.77809555E-05,  0.73781589E-05 )
   10    3 ( -0.10006151E-04,  0.72001376E-05 )
   10    4 ( -0.10973328E-04,  0.54561697E-05 )
   10    5 ( -0.10699587E-04,  0.40517562E-05 )
   10    6 ( -0.88777961E-05,  0.39349443E-05 )
   10    7 ( -0.50753692E-05,  0.44272238E-05 )
   10    8 (  0.55529790E-06,  0.40916211E-05 )
   10    9 (  0.66990769E-05,  0.22998997E-05 )
   10   10 (  0.12499515E-04,  0.00000000E+00 )
   10   11 (  0.11976567E-04, -0.10935848E-05 )
   10   12 (  0.88641864E-05, -0.18091153E-06 )
   10   13 (  0.34582706E-05,  0.16559189E-05 )
   10   14 ( -0.15867528E-05,  0.21984351E-05 )
   10   15 ( -0.42557845E-05, -0.16158006E-07 )
   10   16 ( -0.42548841E-05, -0.43311938E-05 )
   10   17 ( -0.27638589E-05, -0.83889927E-05 )
   10   18 ( -0.12214139E-05, -0.99792869E-05 )
   10   19 ( -0.27357356E-06, -0.86615300E-05 )
   10   20 (  0.27310938E-06, -0.57496427E-05 )
   11    1 ( -0.50915646E-05,  0.47005374E-05 )
   11    2 ( -0.90841449E-05,  0.71641152E-05 )
   11    3 ( -0.11457550E-04,  0.67545279E-05 )
   11    4 ( -0.12325640E-04,  0.47858257E-05 )
   11    5 ( -0.11893731E-04,  0.33037034E-05 )
   11    6 ( -0.99248400E-05,  0.33569283E-05 )
   11    7 ( -0.58876026E-05,  0.42589118E-05 )
   11    8 (  0.19521809E-06,  0.44507401E-05 )
   11    9 (  0.69722123E-05,  0.31283762E-05 )
   11   10 (  0.11976567E-04,  0.10935848E-05 )
   11   11 (  0.14328431E-04,  0.00000000E+00 )
   11   12 (  0.95419136E-05,  0.67527384E-06 )
   11   13 (  0.35532939E-05,  0.21184962E-05 )
   11   14 ( -0.19205795E-05,  0.22064439E-05 )
   11   15 ( -0.45710613E-05, -0.43489109E-06 )
   11   16 ( -0.41467506E-05, -0.50711124E-05 )
   11   17 ( -0.21466060E-05, -0.92847495E-05 )
   11   18 ( -0.33329738E-06, -0.10842120E-04 )
   11   19 (  0.55583030E-06, -0.93332592E-05 )
   11   20 (  0.85753430E-06, -0.61509345E-05 )
   12    1 ( -0.34995865E-05,  0.37216348E-05 )
   12    2 ( -0.63074226E-05,  0.57410712E-05 )
   12    3 ( -0.80740829E-05,  0.55633873E-05 )
   12    4 ( -0.88149091E-05,  0.41608291E-05 )
   12    5 ( -0.85744268E-05,  0.30484355E-05 )
   12    6 ( -0.71237828E-05,  0.29851108E-05 )
   12    7 ( -0.41079566E-05,  0.34383015E-05 )
   12    8 (  0.37518382E-06,  0.32628056E-05 )
   12    9 (  0.52900009E-05,  0.19376835E-05 )
   12   10 (  0.88641864E-05,  0.18091153E-06 )
   12   11 (  0.95419136E-05, -0.67527384E-06 )
   12   12 (  0.84048970E-05,  0.00000000E+00 )
   12   13 (  0.27232559E-05,  0.13729699E-05 )
   12   14 ( -0.12975194E-05,  0.17225154E-05 )
   12   15 ( -0.33840790E-05, -0.81921300E-07 )
   12   16 ( -0.33133292E-05, -0.35133667E-05 )
   12   17 ( -0.20617579E-05, -0.67160636E-05 )
   12   18 ( -0.80934382E-06, -0.79556839E-05 )
   12   19 ( -0.76977059E-07, -0.68923769E-05 )
   12   20 (  0.31050305E-06, -0.45678744E-05 )
   13    1 ( -0.62685149E-06,  0.21185087E-05 )
   13    2 ( -0.13179759E-05,  0.34450081E-05 )
   13    3 ( -0.20347936E-05,  0.37203461E-05 )
   13    4 ( -0.25939419E-05,  0.33229583E-05 )
   13    5 ( -0.27176491E-05,  0.28465697E-05 )
   13    6 ( -0.21697881E-05,  0.25396878E-05 )
   13    7 ( -0.91694596E-06,  0.21275393E-05 )
   13    8 (  0.78012346E-06,  0.11869400E-05 )
   13    9 (  0.24200694E-05, -0.28164985E-06 )
   13   10 (  0.34582706E-05, -0.16559189E-05 )
   13   11 (  0.35532939E-05, -0.21184962E-05 )
   13   12 (  0.27232559E-05, -0.13729699E-05 )
   13   13 (  0.26718001E-05,  0.00000000E+00 )
   13   14 ( -0.16569913E-06,  0.91779299E-06 )
   13   15 ( -0.13227660E-05,  0.62721580E-06 )
   13   16 ( -0.19635179E-05, -0.71166647E-06 )
   13   17 ( -0.21037408E-05, -0.21921098E-05 )
   13   18 ( -0.18614444E-05, -0.29146433E-05 )
   13   19 ( -0.13716124E-05, -0.26466157E-05 )
   13   20 ( -0.76942001E-06, -0.18244106E-05 )
   14    1 (  0.15529361E-05,  0.17005000E-06 )
   14    2 (  0.25628199E-05,  0.48432582E-06 )
   14    3 (  0.28444708E-05,  0.94853914E-06 )
   14    4 (  0.26381913E-05,  0.13875519E-05 )
   14    5 (  0.23222333E-05,  0.15334840E-05 )
   14    6 (  0.20398584E-05,  0.11908038E-05 )
   14    7 (  0.15956650E-05,  0.37078041E-06 )
   14    8 (  0.72793557E-06, -0.69197273E-06 )
   14    9 ( -0.50002456E-06, -0.16486440E-05 )
   14   10 ( -0.15867528E-05, -0.21984351E-05 )
   14   11 ( -0.19205795E-05, -0.22064439E-05 )
   14   12 ( -0.12975194E-05, -0.17225154E-05 )
   14   13 ( -0.16569913E-06, -0.91779299E-06 )
   14   14 (  0.20123373E-05,  0.00000000E+00 )
   14   15 (  0.60263449E-06,  0.84166135E-06 )
   14   16 ( -0.24854097E-06,  0.14557396E-05 )
   14   17 ( -0.12611049E-05,  0.17393048E-05 )
   14   18 ( -0.17943266E-05,  0.16614732E-05 )
   14   19 ( -0.16693551E-05,  0.12869464E-05 )
   14   20 ( -0.11728702E-05,  0.76461072E-06 )
   15    1 (  0.16361236E-05, -0.18265654E-05 )
   15    2 (  0.29600690E-05, -0.28282559E-05 )
   15    3 (  0.38099051E-05, -0.27635131E-05 )
   15    4 (  0.41817011E-05, -0.20990692E-05 )
   15    5 (  0.40792224E-05, -0.15624680E-05 )
   15    6 (  0.33838330E-05, -0.15152286E-05 )
   15    7 (  0.19313552E-05, -0.16976686E-05 )
   15    8 ( -0.21794357E-06, -0.15613737E-05 )
   15    9 ( -0.25610375E-05, -0.86838952E-06 )
   15   10 ( -0.42557845E-05,  0.16158006E-07 )
   15   11 ( -0.45710613E-05,  0.43489109E-06 )
   15   12 ( -0.33840790E-05,  0.81921300E-07 )
   15   13 ( -0.13227660E-05, -0.62721580E-06 )
   15   14 (  0.60263449E-06, -0.84166135E-06 )
   15   15 (  0.29777450E-05,  0.00000000E+00 )
   15   16 (  0.16307906E-05,  0.16474795E-05 )
   15   17 (  0.10674003E-05,  0.31989061E-05 )
   15   18 (  0.48080091E-06,  0.38083153E-05 )
   15   19 (  0.11700584E-06,  0.33065705E-05 )
   15   20 ( -0.95938404E-07,  0.21956062E-05 )
   16    1 ( -0.20989488E-06, -0.34920904E-05 )
   16    2 (  0.10324407E-06, -0.58397850E-05 )
   16    3 (  0.10218155E-05, -0.66364628E-05 )
   16    4 (  0.20686491E-05, -0.63465686E-05 )
   16    5 (  0.25098623E-05, -0.57041116E-05 )
   16    6 (  0.18598397E-05, -0.49516389E-05 )
   16    7 (  0.21710035E-06, -0.36620627E-05 )
   16    8 ( -0.18018269E-05, -0.13460790E-05 )
   16    9 ( -0.34508221E-05,  0.17251098E-05 )
   16   10 ( -0.42548841E-05,  0.43311938E-05 )
   16   11 ( -0.41467506E-05,  0.50711124E-05 )
   16   12 ( -0.33133292E-05,  0.35133667E-05 )
   16   13 ( -0.19635179E-05,  0.71166647E-06 )
   16   14 ( -0.24854097E-06, -0.14557396E-05 )
   16   15 (  0.16307906E-05, -0.16474795E-05 )
   16   16 (  0.46599826E-05,  0.00000000E+00 )
   16   17 (  0.43146824E-05,  0.21282972E-05 )
   16   18 (  0.43438340E-05,  0.33346814E-05 )
   16   19 (  0.34699924E-05,  0.31999664E-05 )
   16   20 (  0.21298567E-05,  0.23008663E-05 )
   17    1 ( -0.25211793E-05, -0.44209323E-05 )
   17    2 ( -0.36234978E-05, -0.76854094E-05 )
   17    3 ( -0.29377718E-05, -0.93159551E-05 )
   17    4 ( -0.13854424E-05, -0.96114309E-05 )
   17    5 ( -0.39635293E-06, -0.90571821E-05 )
   17    6 ( -0.76016090E-06, -0.76571341E-05 )
   17    7 ( -0.20734790E-05, -0.49174823E-05 )
   17    8 ( -0.32170515E-05, -0.59661636E-06 )
   17    9 ( -0.33919739E-05,  0.44714698E-05 )
   17   10 ( -0.27638589E-05,  0.83889927E-05 )
   17   11 ( -0.21466060E-05,  0.92847495E-05 )
   17   12 ( -0.20617579E-05,  0.67160636E-05 )
   17   13 ( -0.21037408E-05,  0.21921098E-05 )
   17   14 ( -0.12611049E-05, -0.17393048E-05 )
   17   15 (  0.10674003E-05, -0.31989061E-05 )
   17   16 (  0.43146824E-05, -0.21282972E-05 )
   17   17 (  0.83517498E-05,  0.00000000E+00 )
   17   18 (  0.78132871E-05,  0.15551674E-05 )
   17   19 (  0.65865202E-05,  0.19417710E-05 )
   17   20 (  0.42594747E-05,  0.16311908E-05 )
   18    1 ( -0.37968891E-05, -0.43751484E-05 )
   18    2 ( -0.57528491E-05, -0.77745481E-05 )
   18    3 ( -0.53496415E-05, -0.97471966E-05 )
   18    4 ( -0.36823358E-05, -0.10421985E-04 )
   18    5 ( -0.24549988E-05, -0.10023021E-04 )
   18    6 ( -0.25500465E-05, -0.83792229E-05 )
   18    7 ( -0.34074280E-05, -0.50289577E-05 )
   18    8 ( -0.37239629E-05,  0.48796174E-07 )
   18    9 ( -0.27930996E-05,  0.57454822E-05 )
   18   10 ( -0.12214139E-05,  0.99792869E-05 )
   18   11 ( -0.33329738E-06,  0.10842120E-04 )
   18   12 ( -0.80934382E-06,  0.79556839E-05 )
   18   13 ( -0.18614444E-05,  0.29146433E-05 )
   18   14 ( -0.17943266E-05, -0.16614732E-05 )
   18   15 (  0.48080091E-06, -0.38083153E-05 )
   18   16 (  0.43438340E-05, -0.33346814E-05 )
   18   17 (  0.78132871E-05, -0.15551674E-05 )
   18   18 (  0.10420882E-04,  0.00000000E+00 )
   18   19 (  0.77844052E-05,  0.70417968E-06 )
   18   20 (  0.51175693E-05,  0.87453452E-06 )
   19    1 ( -0.35991786E-05, -0.34609811E-05 )
   19    2 ( -0.55422465E-05, -0.62272925E-05 )
   19    3 ( -0.53493013E-05, -0.79520159E-05 )
   19    4 ( -0.39704096E-05, -0.86607615E-05 )
   19    5 ( -0.28858253E-05, -0.84135809E-05 )
   19    6 ( -0.28397690E-05, -0.69950875E-05 )
   19    7 ( -0.33156191E-05, -0.40524851E-05 )
   19    8 ( -0.31930326E-05,  0.33107438E-06 )
   19    9 ( -0.19515587E-05,  0.51490865E-05 )
   19   10 ( -0.27357356E-06,  0.86615300E-05 )
   19   11 (  0.55583030E-06,  0.93332592E-05 )
   19   12 ( -0.76977059E-07,  0.68923769E-05 )
   19   13 ( -0.13716124E-05,  0.26466157E-05 )
   19   14 ( -0.16693551E-05, -0.12869464E-05 )
   19   15 (  0.11700584E-06, -0.33065705E-05 )
   19   16 (  0.34699924E-05, -0.31999664E-05 )
   19   17 (  0.65865202E-05, -0.19417710E-05 )
   19   18 (  0.77844052E-05, -0.70417968E-06 )
   19   19 (  0.80900418E-05,  0.00000000E+00 )
   19   20 (  0.44610701E-05,  0.35333443E-06 )
   20    1 ( -0.25647350E-05, -0.21029530E-05 )
   20    2 ( -0.39964320E-05, -0.38327812E-05 )
   20    3 ( -0.39591259E-05, -0.49849386E-05 )
   20    4 ( -0.30832532E-05, -0.55265559E-05 )
   20    5 ( -0.23521243E-05, -0.54197653E-05 )
   20    6 ( -0.22472343E-05, -0.44829148E-05 )
   20    7 ( -0.24079957E-05, -0.25094932E-05 )
   20    8 ( -0.20969262E-05,  0.38668341E-06 )
   20    9 ( -0.10221925E-05,  0.35118553E-05 )
   20   10 (  0.27310938E-06,  0.57496427E-05 )
   20   11 (  0.85753430E-06,  0.61509345E-05 )
   20   12 (  0.31050305E-06,  0.45678744E-05 )
   20   13 ( -0.76942001E-06,  0.18244106E-05 )
   20   14 ( -0.11728702E-05, -0.76461072E-06 )
   20   15 ( -0.95938404E-07, -0.21956062E-05 )
   20   16 (  0.21298567E-05, -0.23008663E-05 )
   20   17 (  0.42594747E-05, -0.16311908E-05 )
   20   18 (  0.51175693E-05, -0.87453452E-06 )
   20   19 (  0.44610701E-05, -0.35333443E-06 )
   20   20 (  0.43253262E-05,  0.00000000E+00 )
