!           File format: HA array
! Layer Thickness (m)                             30.6873
! Sediment sound speed (m/s)                    1530.4399
! Sediment sound speed (m/s)                    1604.1500
! Sediment sound speed (m/s)                    1689.0000
  sdc.dat test case  orca                                    
   100.0000               1           1
         128
      0.30
      0.30
      0.30
      0.31
      0.31
      0.31
      0.31
      0.31
      0.32
      0.32
      0.32
      0.32
      0.32
      0.33
      0.33
      0.33
      0.33
      0.33
      0.34
      0.34
      0.34
      0.34
      0.34
      0.35
      0.35
      0.35
      0.35
      0.35
      0.36
      0.36
      0.36
      0.36
      0.36
      0.37
      0.37
      0.37
      0.37
      0.37
      0.38
      0.38
      0.38
      0.38
      0.38
      0.39
      0.39
      0.39
      0.39
      0.39
      0.40
      0.40
      0.40
      0.40
      0.40
      0.41
      0.41
      0.41
      0.41
      0.41
      0.42
      0.42
      0.42
      0.42
      0.42
      0.43
      0.43
      0.43
      0.43
      0.44
      0.44
      0.44
      0.44
      0.44
      0.45
      0.45
      0.45
      0.45
      0.45
      0.46
      0.46
      0.46
      0.46
      0.46
      0.47
      0.47
      0.47
      0.47
      0.47
      0.48
      0.48
      0.48
      0.48
      0.48
      0.49
      0.49
      0.49
      0.49
      0.49
      0.50
      0.50
      0.50
      0.50
      0.50
      0.51
      0.51
      0.51
      0.51
      0.51
      0.52
      0.52
      0.52
      0.52
      0.52
      0.53
      0.53
      0.53
      0.53
      0.53
      0.54
      0.54
      0.54
      0.54
      0.54
      0.55
      0.55
      0.55
      0.55
      0.55
      0.56
           1 (-2.151514E-03,-6.259627E-04)   2.240723E-03
           2 (-1.270476E-03,-1.927043E-03)   2.308160E-03
           3  (3.079114E-04,-2.382944E-03)   2.402755E-03
           4  (1.885809E-03,-1.674820E-03)   2.522162E-03
           5  (2.663027E-03,-1.937577E-05)   2.663098E-03
           6   (2.134134E-03,1.845370E-03)   2.821333E-03
           7   (4.099426E-04,2.963577E-03)   2.991795E-03
           8  (-1.742682E-03,2.646551E-03)   3.168781E-03
           9  (-3.225262E-03,8.915815E-04)   3.346227E-03
          10 (-3.170743E-03,-1.524050E-03)   3.518002E-03
          11 (-1.452233E-03,-3.379341E-03)   3.678169E-03
          12  (1.166932E-03,-3.638701E-03)   3.821240E-03
          13  (3.372205E-03,-2.042245E-03)   3.942402E-03
          14   (3.978429E-03,6.892178E-04)   4.037688E-03
          15   (2.589029E-03,3.184426E-03)   4.104101E-03
          16  (-1.449103E-04,4.137181E-03)   4.139718E-03
          17  (-2.837046E-03,3.020205E-03)   4.143727E-03
          18  (-4.097654E-03,3.927085E-04)   4.116429E-03
          19 (-3.284723E-03,-2.384887E-03)   4.059199E-03
          20 (-8.531219E-04,-3.881752E-03)   3.974395E-03
          21  (1.898688E-03,-3.366755E-03)   3.865237E-03
          22  (3.541651E-03,-1.188163E-03)   3.735643E-03
          23   (3.286611E-03,1.444456E-03)   3.590022E-03
          24   (1.382710E-03,3.142283E-03)   3.433049E-03
          25  (-1.066064E-03,3.090711E-03)   3.269401E-03
          26  (-2.741915E-03,1.453769E-03)   3.103473E-03
          27 (-2.834443E-03,-7.774284E-04)   2.939126E-03
          28 (-1.439528E-03,-2.377582E-03)   2.779413E-03
          29  (5.649466E-04,-2.564916E-03)   2.626397E-03
          30  (2.059648E-03,-1.383274E-03)   2.481047E-03
          31   (2.309013E-03,3.991255E-04)   2.343254E-03
          32   (1.318300E-03,1.776204E-03)   2.211971E-03
          33  (-2.491877E-04,2.070533E-03)   2.085474E-03
          34  (-1.504313E-03,1.259032E-03)   1.961662E-03
          35 (-1.835913E-03,-9.571998E-05)   1.838407E-03
          36 (-1.200211E-03,-1.223414E-03)   1.713841E-03
          37 (-6.306267E-05,-1.585324E-03)   1.586578E-03
          38  (9.253664E-04,-1.123930E-03)   1.455858E-03
          39  (1.304357E-03,-2.127836E-04)   1.321599E-03
          40   (1.010201E-03,6.182953E-04)   1.184396E-03
          41   (3.304938E-04,9.918812E-04)   1.045492E-03
          42  (-3.233675E-04,8.470851E-04)   9.067082E-04
          43  (-6.616597E-04,3.947308E-04)   7.704583E-04
          44 (-6.363471E-04,-6.688203E-05)   6.398522E-04
          45 (-3.939928E-04,-3.378863E-04)   5.190352E-04
          46 (-1.290813E-04,-3.933575E-04)   4.139953E-04
          47  (4.714588E-05,-3.304905E-04)   3.338363E-04
          48  (1.417137E-04,-2.533575E-04)   2.902978E-04
          49  (2.185805E-04,-1.897832E-04)   2.894738E-04
          50  (3.078847E-04,-9.449713E-05)   3.220601E-04
          51   (3.630953E-04,7.894442E-05)   3.715783E-04
          52   (2.976491E-04,3.049089E-04)   4.261038E-04
          53   (6.859061E-05,4.745601E-04)   4.794914E-04
          54  (-2.610704E-04,4.601758E-04)   5.290742E-04
          55  (-5.339554E-04,2.106121E-04)   5.739912E-04
          56 (-5.838407E-04,-1.910831E-04)   6.143148E-04
          57 (-3.422257E-04,-5.532975E-04)   6.505817E-04
          58  (1.035590E-04,-6.756359E-04)   6.835265E-04
          59  (5.415783E-04,-4.651508E-04)   7.139134E-04
          60   (7.424355E-04,4.580951E-07)   7.424356E-04
          61   (5.833925E-04,5.020249E-04)   7.696595E-04
          62   (1.202117E-04,7.868707E-04)   7.960002E-04
          63  (-4.329552E-04,6.984069E-04)   8.217192E-04
          64  (-8.061114E-04,2.597966E-04)   8.469414E-04
          65 (-8.062806E-04,-3.312500E-04)   8.716736E-04
          66 (-4.149854E-04,-7.939062E-04)   8.958236E-04
          67  (1.969303E-04,-8.978723E-04)   9.192150E-04
          68  (7.447884E-04,-5.761100E-04)   9.416011E-04
          69   (9.619846E-04,3.643516E-05)   9.626743E-04
          70   (7.286622E-04,6.584377E-04)   9.820838E-04
          71   (1.368166E-04,9.900460E-04)   9.994548E-04
          72  (-5.423283E-04,8.572772E-04)   1.014418E-03
          73  (-9.803039E-04,3.049877E-04)   1.026651E-03
          74 (-9.508036E-04,-4.112293E-04)   1.035923E-03
          75 (-4.505652E-04,-9.397116E-04)   1.042145E-03
          76  (2.838228E-04,-1.006156E-03)   1.045421E-03
          77  (8.826464E-04,-5.614551E-04)   1.046086E-03
          78   (1.029552E-03,1.774724E-04)   1.044736E-03
          79   (6.344632E-04,8.268541E-04)   1.042224E-03
          80  (-1.033332E-04,1.034484E-03)   1.039632E-03
          81  (-7.880440E-04,6.758938E-04)   1.038193E-03
          82 (-1.037251E-03,-6.325688E-05)   1.039178E-03
          83 (-6.988625E-04,-7.752303E-04)   1.043739E-03
          84  (4.995284E-05,-1.051563E-03)   1.052749E-03
          85  (7.882615E-04,-7.186044E-04)   1.066653E-03
          86   (1.084224E-03,4.999733E-05)   1.085376E-03
          87   (7.472422E-04,8.185250E-04)   1.108311E-03
          88  (-4.887308E-05,1.133328E-03)   1.134381E-03
          89  (-8.524536E-04,7.899090E-04)   1.162168E-03
          90 (-1.189528E-03,-3.573415E-05)   1.190065E-03
          91 (-8.436224E-04,-8.763745E-04)   1.216442E-03
          92  (6.815676E-06,-1.239761E-03)   1.239780E-03
          93  (8.811256E-04,-8.989766E-04)   1.258786E-03
          94  (1.272016E-03,-3.408658E-05)   1.272473E-03
          95   (9.441396E-04,8.646169E-04)   1.280220E-03
          96   (7.770806E-05,1.279432E-03)   1.281790E-03
          97  (-8.318977E-04,9.693069E-04)   1.277345E-03
          98  (-1.262332E-03,1.134448E-04)   1.267419E-03
          99 (-9.703409E-04,-7.925653E-04)   1.252885E-03
         100 (-1.334896E-04,-1.227648E-03)   1.234884E-03
         101  (7.567862E-04,-9.501956E-04)   1.214741E-03
         102  (1.186086E-03,-1.360052E-04)   1.193858E-03
         103   (9.179063E-04,7.312554E-04)   1.173578E-03
         104   (1.259602E-04,1.148177E-03)   1.155065E-03
         105  (-7.166970E-04,8.854725E-04)   1.139173E-03
         106  (-1.120604E-03,1.137777E-04)   1.126366E-03
         107 (-8.641230E-04,-7.072833E-04)   1.116673E-03
         108 (-1.122398E-04,-1.104030E-03)   1.109720E-03
         109  (6.924207E-04,-8.609020E-04)   1.104807E-03
         110  (1.092997E-03,-1.327418E-04)   1.101028E-03
         111   (8.770234E-04,6.596558E-04)   1.097413E-03
         112   (1.824668E-04,1.077721E-03)   1.093059E-03
         113  (-5.981465E-04,9.079211E-04)   1.087244E-03
         114  (-1.046980E-03,2.630297E-04)   1.079515E-03
         115 (-9.450737E-04,-5.011834E-04)   1.069743E-03
         116 (-3.707443E-04,-9.910794E-04)   1.058154E-03
         117  (3.670292E-04,-9.787839E-04)   1.045336E-03
         118  (9.039414E-04,-4.983822E-04)   1.032228E-03
         119   (1.000562E-03,1.985762E-04)   1.020077E-03
         120   (6.377122E-04,7.837050E-04)   1.010381E-03
         121   (3.295669E-07,1.008370E-03)   1.008370E-03
         122  (-6.326900E-04,7.852649E-04)   1.008433E-03
         123  (-9.918077E-04,2.200272E-04)   1.015921E-03
         124 (-9.277190E-04,-4.524711E-04)   1.032179E-03
         125 (-4.552767E-04,-9.552376E-04)   1.058185E-03
         126  (2.493274E-04,-1.065688E-03)   1.094466E-03
         127  (9.000325E-04,-7.014610E-04)   1.141099E-03
         128   (1.197445E-03,2.709678E-05)   1.197751E-03
