 PULSETRF
 PROSIM
           1
           1
                                                                 
 +
   250.000000    
   78.0000000    
   5.00000000       99.9999008              20
   9.30000019       9.30000019               1
     0     0     0    0.1000000047E-02
           0
   0.00000000    
           1
           1
           1
           0
           0
   0.00000000    
   0.00000000    
   0.00000000    
   0.00000000    
   0.00000000    
   3.03593872E-04  -1.72512970E-04
  -7.86253877E-05   4.32817023E-06
  -8.58135754E-04   3.10474192E-04
  -1.13922602E-03   2.96883809E-04
  -7.04354141E-04  -1.25898314E-05
  -2.45866046E-04  -1.77546521E-04
  -1.47736137E-04   2.39699802E-05
   1.49839707E-05   3.64629086E-04
   3.76422831E-04   4.59577976E-04
   3.44516418E-04   1.03266335E-04
  -2.08700221E-04  -4.63576114E-04
  -5.83310553E-04  -6.46339904E-04
  -5.22370508E-04  -2.74384714E-04
  -5.17239270E-04   9.51629772E-06
  -6.56883174E-04  -1.97182439E-04
  -5.63135894E-04  -3.03874491E-04
  -4.02717182E-04   1.95538632E-06
  -6.34454773E-04  -8.58116473E-05
  -9.72888374E-04  -7.70556042E-04
  -6.99364929E-04  -7.86105637E-04
