 OUTPUT FROM SAGA
    0
  500  500
    1  500  500
    0    0
   100.00000000    0    0    20.000    0
     0.00000000  1499.40000000
   100.00000000  1481.60000000
   100.00000000     1.80000000
     0.00000000  1600.00000000    -0.20000000
   100.00000000  1600.00000000    -0.20000000
     1.80000000    -0.20000000  1750.00000000
    0    0
 PULSE
    0    0
    0     250.0     250.0   -1000.0
   9.30000019       9.30000019               1
   5.00000000       99.9999008              20
   78.0000000    
