 pressure vector 
 100.000000
 581
 100.000000
 105.000000
 110.000000
 115.000000
 120.000000
 125.000000
 130.000000
 135.000000
 140.000000
 145.000000
 150.000000
 155.000000
 160.000000
 165.000000
 170.000000
 175.000000
 180.000000
 185.000000
 190.000000
 195.000000
 200.000000
 205.000000
 210.000000
 215.000000
 220.000000
 225.000000
 230.000000
 235.000000
 240.000000
 245.000000
 250.000000
 255.000000
 260.000000
 265.000000
 270.000000
 275.000000
 280.000000
 285.000000
 290.000000
 295.000000
 300.000000
 305.000000
 310.000000
 315.000000
 320.000000
 325.000000
 330.000000
 335.000000
 340.000000
 345.000000
 350.000000
 355.000000
 360.000000
 365.000000
 370.000000
 375.000000
 380.000000
 385.000000
 390.000000
 395.000000
 400.000000
 405.000000
 410.000000
 415.000000
 420.000000
 425.000000
 430.000000
 435.000000
 440.000000
 445.000000
 450.000000
 455.000000
 460.000000
 465.000000
 470.000000
 475.000000
 480.000000
 485.000000
 490.000000
 495.000000
 500.000000
 505.000000
 510.000000
 515.000000
 520.000000
 525.000000
 530.000000
 535.000000
 540.000000
 545.000000
 550.000000
 555.000000
 560.000000
 565.000000
 570.000000
 575.000000
 580.000000
 585.000000
 590.000000
 595.000000
 600.000000
 605.000000
 610.000000
 615.000000
 620.000000
 625.000000
 630.000000
 635.000000
 640.000000
 645.000000
 650.000000
 655.000000
 660.000000
 665.000000
 670.000000
 675.000000
 680.000000
 685.000000
 690.000000
 695.000000
 700.000000
 705.000000
 710.000000
 715.000000
 720.000000
 725.000000
 730.000000
 735.000000
 740.000000
 745.000000
 750.000000
 755.000000
 760.000000
 765.000000
 770.000000
 775.000000
 780.000000
 785.000000
 790.000000
 795.000000
 800.000000
 805.000000
 810.000000
 815.000000
 820.000000
 825.000000
 830.000000
 835.000000
 840.000000
 845.000000
 850.000000
 855.000000
 860.000000
 865.000000
 870.000000
 875.000000
 880.000000
 885.000000
 890.000000
 895.000000
 900.000000
 905.000000
 910.000000
 915.000000
 920.000000
 925.000000
 930.000000
 935.000000
 940.000000
 945.000000
 950.000000
 955.000000
 960.000000
 965.000000
 970.000000
 975.000000
 980.000000
 985.000000
 990.000000
 995.000000
 1000.000000
 1005.000000
 1010.000000
 1015.000000
 1020.000000
 1025.000000
 1030.000000
 1035.000000
 1040.000000
 1045.000000
 1050.000000
 1055.000000
 1060.000000
 1065.000000
 1070.000000
 1075.000000
 1080.000000
 1085.000000
 1090.000000
 1095.000000
 1100.000000
 1105.000000
 1110.000000
 1115.000000
 1120.000000
 1125.000000
 1130.000000
 1135.000000
 1140.000000
 1145.000000
 1150.000000
 1155.000000
 1160.000000
 1165.000000
 1170.000000
 1175.000000
 1180.000000
 1185.000000
 1190.000000
 1195.000000
 1200.000000
 1205.000000
 1210.000000
 1215.000000
 1220.000000
 1225.000000
 1230.000000
 1235.000000
 1240.000000
 1245.000000
 1250.000000
 1255.000000
 1260.000000
 1265.000000
 1270.000000
 1275.000000
 1280.000000
 1285.000000
 1290.000000
 1295.000000
 1300.000000
 1305.000000
 1310.000000
 1315.000000
 1320.000000
 1325.000000
 1330.000000
 1335.000000
 1340.000000
 1345.000000
 1350.000000
 1355.000000
 1360.000000
 1365.000000
 1370.000000
 1375.000000
 1380.000000
 1385.000000
 1390.000000
 1395.000000
 1400.000000
 1405.000000
 1410.000000
 1415.000000
 1420.000000
 1425.000000
 1430.000000
 1435.000000
 1440.000000
 1445.000000
 1450.000000
 1455.000000
 1460.000000
 1465.000000
 1470.000000
 1475.000000
 1480.000000
 1485.000000
 1490.000000
 1495.000000
 1500.000000
 1505.000000
 1510.000000
 1515.000000
 1520.000000
 1525.000000
 1530.000000
 1535.000000
 1540.000000
 1545.000000
 1550.000000
 1555.000000
 1560.000000
 1565.000000
 1570.000000
 1575.000000
 1580.000000
 1585.000000
 1590.000000
 1595.000000
 1600.000000
 1605.000000
 1610.000000
 1615.000000
 1620.000000
 1625.000000
 1630.000000
 1635.000000
 1640.000000
 1645.000000
 1650.000000
 1655.000000
 1660.000000
 1665.000000
 1670.000000
 1675.000000
 1680.000000
 1685.000000
 1690.000000
 1695.000000
 1700.000000
 1705.000000
 1710.000000
 1715.000000
 1720.000000
 1725.000000
 1730.000000
 1735.000000
 1740.000000
 1745.000000
 1750.000000
 1755.000000
 1760.000000
 1765.000000
 1770.000000
 1775.000000
 1780.000000
 1785.000000
 1790.000000
 1795.000000
 1800.000000
 1805.000000
 1810.000000
 1815.000000
 1820.000000
 1825.000000
 1830.000000
 1835.000000
 1840.000000
 1845.000000
 1850.000000
 1855.000000
 1860.000000
 1865.000000
 1870.000000
 1875.000000
 1880.000000
 1885.000000
 1890.000000
 1895.000000
 1900.000000
 1905.000000
 1910.000000
 1915.000000
 1920.000000
 1925.000000
 1930.000000
 1935.000000
 1940.000000
 1945.000000
 1950.000000
 1955.000000
 1960.000000
 1965.000000
 1970.000000
 1975.000000
 1980.000000
 1985.000000
 1990.000000
 1995.000000
 2000.000000
 2005.000000
 2010.000000
 2015.000000
 2020.000000
 2025.000000
 2030.000000
 2035.000000
 2040.000000
 2045.000000
 2050.000000
 2055.000000
 2060.000000
 2065.000000
 2070.000000
 2075.000000
 2080.000000
 2085.000000
 2090.000000
 2095.000000
 2100.000000
 2105.000000
 2110.000000
 2115.000000
 2120.000000
 2125.000000
 2130.000000
 2135.000000
 2140.000000
 2145.000000
 2150.000000
 2155.000000
 2160.000000
 2165.000000
 2170.000000
 2175.000000
 2180.000000
 2185.000000
 2190.000000
 2195.000000
 2200.000000
 2205.000000
 2210.000000
 2215.000000
 2220.000000
 2225.000000
 2230.000000
 2235.000000
 2240.000000
 2245.000000
 2250.000000
 2255.000000
 2260.000000
 2265.000000
 2270.000000
 2275.000000
 2280.000000
 2285.000000
 2290.000000
 2295.000000
 2300.000000
 2305.000000
 2310.000000
 2315.000000
 2320.000000
 2325.000000
 2330.000000
 2335.000000
 2340.000000
 2345.000000
 2350.000000
 2355.000000
 2360.000000
 2365.000000
 2370.000000
 2375.000000
 2380.000000
 2385.000000
 2390.000000
 2395.000000
 2400.000000
 2405.000000
 2410.000000
 2415.000000
 2420.000000
 2425.000000
 2430.000000
 2435.000000
 2440.000000
 2445.000000
 2450.000000
 2455.000000
 2460.000000
 2465.000000
 2470.000000
 2475.000000
 2480.000000
 2485.000000
 2490.000000
 2495.000000
 2500.000000
 2505.000000
 2510.000000
 2515.000000
 2520.000000
 2525.000000
 2530.000000
 2535.000000
 2540.000000
 2545.000000
 2550.000000
 2555.000000
 2560.000000
 2565.000000
 2570.000000
 2575.000000
 2580.000000
 2585.000000
 2590.000000
 2595.000000
 2600.000000
 2605.000000
 2610.000000
 2615.000000
 2620.000000
 2625.000000
 2630.000000
 2635.000000
 2640.000000
 2645.000000
 2650.000000
 2655.000000
 2660.000000
 2665.000000
 2670.000000
 2675.000000
 2680.000000
 2685.000000
 2690.000000
 2695.000000
 2700.000000
 2705.000000
 2710.000000
 2715.000000
 2720.000000
 2725.000000
 2730.000000
 2735.000000
 2740.000000
 2745.000000
 2750.000000
 2755.000000
 2760.000000
 2765.000000
 2770.000000
 2775.000000
 2780.000000
 2785.000000
 2790.000000
 2795.000000
 2800.000000
 2805.000000
 2810.000000
 2815.000000
 2820.000000
 2825.000000
 2830.000000
 2835.000000
 2840.000000
 2845.000000
 2850.000000
 2855.000000
 2860.000000
 2865.000000
 2870.000000
 2875.000000
 2880.000000
 2885.000000
 2890.000000
 2895.000000
 2900.000000
 2905.000000
 2910.000000
 2915.000000
 2920.000000
 2925.000000
 2930.000000
 2935.000000
 2940.000000
 2945.000000
 2950.000000
 2955.000000
 2960.000000
 2965.000000
 2970.000000
 2975.000000
 2980.000000
 2985.000000
 2990.000000
 2995.000000
 3000.000000
 1  (1.039824e-02,3.409648e-04) 
 2  (-1.730541e-03,1.426566e-02) 
 3  (-1.774874e-02,-9.746042e-04) 
 4  (-1.102990e-03,-1.830484e-02) 
 5  (1.531766e-02,-1.892088e-03) 
 6  (-3.564202e-04,1.076583e-02) 
 7  (-7.232067e-03,-4.833485e-03) 
 8  (9.099288e-03,-5.630424e-03) 
 9  (4.955077e-03,1.130380e-02) 
 10  (-1.127079e-02,3.822707e-03) 
 11  (-1.731884e-03,-9.834717e-03) 
 12  (7.833301e-03,9.591325e-04) 
 13  (-3.623571e-03,5.788956e-03) 
 14  (-4.053587e-03,-5.657030e-03) 
 15  (6.495833e-03,-2.769676e-03) 
 16  (1.731826e-03,5.843644e-03) 
 17  (-4.015049e-03,5.243940e-04) 
 18  (9.599559e-04,-1.886668e-03) 
 19  (3.035641e-04,2.312735e-03) 
 20  (-3.004690e-03,-4.430034e-04) 
 21  (5.259911e-04,-2.935208e-03) 
 22  (2.427332e-03,1.299957e-04) 
 23  (6.969985e-04,1.894762e-03) 
 24  (-1.529137e-03,1.882562e-03) 
 25  (-3.140645e-03,-1.323070e-03) 
 26  (1.236784e-03,-3.988175e-03) 
 27  (3.954651e-03,1.327088e-03) 
 28  (-1.698457e-03,2.853218e-03) 
 29  (-8.519688e-04,-2.401261e-03) 
 30  (3.324438e-03,1.554981e-03) 
 31  (-3.711304e-03,4.178152e-03) 
 32  (-4.537268e-03,-5.046725e-03) 
 33  (5.325374e-03,-4.038927e-03) 
 34  (2.638568e-03,4.684898e-03) 
 35  (-3.484000e-03,7.138901e-04) 
 36  (1.090353e-03,-2.066957e-03) 
 37  (6.900988e-04,2.151034e-03) 
 38  (-2.091631e-03,-4.656828e-04) 
 39  (1.253902e-03,-8.985708e-04) 
 40  (-1.078335e-03,1.541340e-03) 
 41  (-1.175142e-03,-3.244394e-03) 
 42  (4.987832e-03,-4.898227e-05) 
 43  (-1.782520e-03,5.840295e-03) 
 44  (-5.553811e-03,-4.057717e-03) 
 45  (6.350279e-03,-4.134242e-03) 
 46  (1.838418e-03,8.154869e-03) 
 47  (-9.000745e-03,-9.087974e-04) 
 48  (3.609964e-03,-8.591300e-03) 
 49  (6.899545e-03,5.795929e-03) 
 50  (-7.113563e-03,4.196520e-03) 
 51  (-1.006522e-03,-7.388701e-03) 
 52  (6.639506e-03,2.001500e-03) 
 53  (-4.186329e-03,5.052890e-03) 
 54  (-2.938823e-03,-5.106540e-03) 
 55  (4.655817e-03,-6.829190e-04) 
 56  (-1.294856e-03,3.096718e-03) 
 57  (-9.737521e-04,-2.592979e-03) 
 58  (2.903247e-03,1.069780e-03) 
 59  (-2.487227e-03,2.125653e-03) 
 60  (-4.447787e-04,-2.956087e-03) 
 61  (2.413238e-03,1.677303e-03) 
 62  (-3.610949e-03,1.019975e-03) 
 63  (9.116574e-04,-4.742672e-03) 
 64  (4.673253e-03,2.995153e-03) 
 65  (-4.808731e-03,3.344911e-03) 
 66  (-1.038441e-03,-5.954356e-03) 
 67  (6.133873e-03,1.727485e-03) 
 68  (-4.344235e-03,5.230032e-03) 
 69  (-3.351279e-03,-6.265115e-03) 
 70  (7.134042e-03,-8.249417e-04) 
 71  (-1.863923e-03,6.846506e-03) 
 72  (-5.557758e-03,-4.183405e-03) 
 73  (5.676625e-03,-3.621706e-03) 
 74  (1.486598e-03,6.077223e-03) 
 75  (-5.389125e-03,-4.159643e-04) 
 76  (1.752011e-03,-3.894777e-03) 
 77  (2.073166e-03,2.328231e-03) 
 78  (-2.117910e-03,4.556335e-04) 
 79  (5.349669e-04,-1.257368e-03) 
 80  (3.366507e-05,7.006628e-04) 
 81  (-9.114444e-05,-1.164776e-03) 
 82  (1.950138e-03,1.050667e-03) 
 83  (-2.377184e-03,2.054386e-03) 
 84  (-1.411435e-03,-3.520705e-03) 
 85  (4.185275e-03,-1.753008e-04) 
 86  (-1.323653e-03,4.205849e-03) 
 87  (-3.577398e-03,-2.681525e-03) 
 88  (3.547494e-03,-2.449003e-03) 
 89  (1.094818e-03,3.724064e-03) 
 90  (-3.216416e-03,-1.489077e-04) 
 91  (9.741310e-04,-2.218487e-03) 
 92  (1.055316e-03,1.182238e-03) 
 93  (-7.368659e-04,8.458949e-05) 
 94  (4.087204e-04,2.070176e-04) 
 95  (-1.338454e-03,2.790267e-04) 
 96  (4.634895e-04,-2.271124e-03) 
 97  (2.672983e-03,1.650421e-03) 
 98  (-2.988059e-03,2.359446e-03) 
 99  (-1.347368e-03,-4.127310e-03) 
 100  (4.747344e-03,1.523262e-04) 
 101  (-1.791122e-03,4.640235e-03) 
 102  (-3.771223e-03,-3.185723e-03) 
 103  (4.017453e-03,-2.304737e-03) 
 104  (5.721953e-04,4.108136e-03) 
 105  (-3.456027e-03,-1.013357e-03) 
 106  (2.072815e-03,-2.241871e-03) 
 107  (7.815383e-04,2.367349e-03) 
 108  (-1.854966e-03,-5.446483e-04) 
 109  (1.392501e-03,-7.131848e-04) 
 110  (-7.104392e-04,1.532000e-03) 
 111  (-9.156866e-04,-2.000166e-03) 
 112  (2.772883e-03,2.982382e-04) 
 113  (-1.771458e-03,2.775816e-03) 
 114  (-1.949642e-03,-3.090239e-03) 
 115  (3.859316e-03,-4.593329e-04) 
 116  (-1.348958e-03,3.806610e-03) 
 117  (-2.861762e-03,-3.025853e-03) 
 118  (4.128358e-03,-1.180223e-03) 
 119  (-8.950308e-04,4.325709e-03) 
 120  (-3.496141e-03,-2.909777e-03) 
 121  (4.401974e-03,-1.762450e-03) 
 122  (-5.320773e-04,5.007768e-03) 
 123  (-4.549197e-03,-2.907490e-03) 
 124  (4.854820e-03,-3.082938e-03) 
 125  (8.949182e-04,5.959593e-03) 
 126  (-5.991774e-03,-1.572983e-03) 
 127  (3.813114e-03,-4.966260e-03) 
 128  (3.124024e-03,5.367518e-03) 
 129  (-5.943040e-03,8.723712e-04) 
 130  (1.308470e-03,-5.474967e-03) 
 131  (4.137463e-03,2.966878e-03) 
 132  (-3.799079e-03,2.288558e-03) 
 133  (-3.938607e-04,-3.705992e-03) 
 134  (2.804103e-03,1.095318e-03) 
 135  (-1.852187e-03,1.395291e-03) 
 136  (1.082247e-04,-1.749112e-03) 
 137  (8.741945e-04,1.286501e-03) 
 138  (-1.818683e-03,-4.894993e-04) 
 139  (1.938337e-03,-1.552327e-03) 
 140  (5.364192e-04,3.053361e-03) 
 141  (-3.504898e-03,-9.914043e-04) 
 142  (2.661220e-03,-3.127248e-03) 
 143  (1.956020e-03,4.061023e-03) 
 144  (-4.840343e-03,2.118297e-04) 
 145  (1.747769e-03,-4.788310e-03) 
 146  (3.878379e-03,3.519959e-03) 
 147  (-4.750724e-03,2.277388e-03) 
 148  (-3.025142e-04,-5.208731e-03) 
 149  (4.826062e-03,1.652941e-03) 
 150  (-3.222191e-03,3.714616e-03) 
 151  (-2.133100e-03,-4.134426e-03) 
 152  (4.274392e-03,-4.182415e-04) 
 153  (-1.088810e-03,3.701159e-03) 
 154  (-2.621839e-03,-2.115934e-03) 
 155  (2.511883e-03,-1.330130e-03) 
 156  (1.341255e-04,2.280409e-03) 
 157  (-1.564431e-03,-7.082159e-04) 
 158  (1.044410e-03,-6.014246e-04) 
 159  (-3.363923e-04,8.531748e-04) 
 160  (-2.362155e-04,-1.005764e-03) 
 161  (1.245877e-03,6.185182e-04) 
 162  (-1.483536e-03,1.012575e-03) 
 163  (-3.736188e-04,-2.145063e-03) 
 164  (2.451646e-03,5.163104e-04) 
 165  (-1.458089e-03,2.340680e-03) 
 166  (-1.843102e-03,-2.258303e-03) 
 167  (2.771364e-03,-1.069684e-03) 
 168  (1.746988e-04,2.927213e-03) 
 169  (-2.738413e-03,-6.769359e-04) 
 170  (1.347415e-03,-2.282146e-03) 
 171  (1.674983e-03,1.756280e-03) 
 172  (-1.890594e-03,1.042651e-03) 
 173  (-4.990188e-04,-1.792964e-03) 
 174  (1.546162e-03,-1.108791e-04) 
 175  (-9.786409e-05,1.250537e-03) 
 176  (-9.926885e-04,-1.455654e-04) 
 177  (8.411790e-05,-8.306167e-04) 
 178  (7.854967e-04,-1.799838e-05) 
 179  (9.753238e-05,8.500605e-04) 
 180  (-9.896804e-04,1.078112e-04) 
 181  (-2.476228e-05,-1.158787e-03) 
 182  (1.312437e-03,1.529440e-04) 
 183  (-4.090556e-04,1.416533e-03) 
 184  (-1.449838e-03,-7.149808e-04) 
 185  (1.037843e-03,-1.399677e-03) 
 186  (1.264393e-03,1.354056e-03) 
 187  (-1.642301e-03,1.051760e-03) 
 188  (-7.709047e-04,-1.884391e-03) 
 189  (2.067045e-03,-4.330618e-04) 
 190  (5.346821e-05,2.179834e-03) 
 191  (-2.208091e-03,-3.464870e-04) 
 192  (7.483319e-04,-2.143373e-03) 
 193  (1.986640e-03,1.128673e-03) 
 194  (-1.462560e-03,1.747405e-03) 
 195  (-1.444384e-03,-1.727723e-03) 
 196  (1.909143e-03,-1.103318e-03) 
 197  (7.501831e-04,2.001973e-03) 
 198  (-2.012641e-03,4.108639e-04) 
 199  (-1.025284e-04,-1.954982e-03) 
 200  (1.849108e-03,1.670065e-04) 
 201  (-3.953688e-04,1.713638e-03) 
 202  (-1.560016e-03,-5.825187e-04) 
 203  (7.358137e-04,-1.387363e-03) 
 204  (1.197783e-03,8.553618e-04) 
 205  (-9.324810e-04,9.895698e-04) 
 206  (-7.667255e-04,-9.560361e-04) 
 207  (9.141690e-04,-5.461258e-04) 
 208  (3.583696e-04,8.001008e-04) 
 209  (-6.218549e-04,2.343137e-04) 
 210  (-2.083829e-04,-4.091283e-04) 
 211  (2.076974e-04,-3.003102e-04) 
 212  (5.047714e-04,7.592508e-05) 
 213  (-6.998276e-05,7.872249e-04) 
 214  (-1.085919e-03,-2.270950e-04) 
 215  (5.508774e-04,-1.312976e-03) 
 216  (1.385563e-03,1.008448e-03) 
 217  (-1.522086e-03,1.241329e-03) 
 218  (-8.558158e-04,-1.986487e-03) 
 219  (2.290297e-03,-2.588452e-04) 
 220  (-4.642261e-04,2.342949e-03) 
 221  (-2.091210e-03,-1.188769e-03) 
 222  (1.777629e-03,-1.548826e-03) 
 223  (7.952039e-04,2.107318e-03) 
 224  (-2.100986e-03,-3.775766e-05) 
 225  (7.915396e-04,-1.750180e-03) 
 226  (1.123510e-03,1.317025e-03) 
 227  (-1.507844e-03,3.533471e-04) 
 228  (3.934330e-04,-1.331838e-03) 
 229  (8.428077e-04,9.498264e-04) 
 230  (-1.189267e-03,1.680886e-04) 
 231  (5.189058e-04,-1.060490e-03) 
 232  (6.043951e-04,1.038902e-03) 
 233  (-1.245143e-03,-5.732017e-05) 
 234  (7.497899e-04,-1.072195e-03) 
 235  (5.500822e-04,1.280714e-03) 
 236  (-1.491886e-03,-2.021504e-04) 
 237  (1.001265e-03,-1.301437e-03) 
 238  (7.301706e-04,1.641144e-03) 
 239  (-1.944827e-03,-1.120601e-04) 
 240  (1.036651e-03,-1.819693e-03) 
 241  (1.272404e-03,1.822159e-03) 
 242  (-2.275000e-03,4.128714e-04) 
 243  (5.662673e-04,-2.278501e-03) 
 244  (1.822134e-03,1.432104e-03) 
 245  (-1.978731e-03,1.006985e-03) 
 246  (-3.192640e-05,-2.070546e-03) 
 247  (1.679004e-03,8.603024e-04) 
 248  (-1.441736e-03,8.964767e-04) 
 249  (8.333091e-05,-1.555241e-03) 
 250  (1.155987e-03,1.010602e-03) 
 251  (-1.640052e-03,3.248600e-04) 
 252  (7.445394e-04,-1.793634e-03) 
 253  (1.402294e-03,1.792253e-03) 
 254  (-2.557105e-03,5.287029e-04) 
 255  (6.422994e-04,-2.839478e-03) 
 256  (2.548388e-03,1.844582e-03) 
 257  (-2.803307e-03,1.728323e-03) 
 258  (-5.553319e-04,-3.290110e-03) 
 259  (3.185180e-03,7.104026e-04) 
 260  (-1.781342e-03,2.511226e-03) 
 261  (-1.427850e-03,-2.410077e-03) 
 262  (2.449789e-03,-1.926914e-04) 
 263  (-8.954208e-04,1.897589e-03) 
 264  (-8.896704e-04,-1.567811e-03) 
 265  (1.652843e-03,3.252750e-04) 
 266  (-1.443802e-03,1.116690e-03) 
 267  (-7.389997e-05,-2.179173e-03) 
 268  (2.328403e-03,1.239365e-03) 
 269  (-2.518357e-03,1.822314e-03) 
 270  (-7.413204e-04,-3.459079e-03) 
 271  (3.829869e-03,7.022633e-04) 
 272  (-2.210534e-03,3.523564e-03) 
 273  (-2.579345e-03,-3.467622e-03) 
 274  (4.214931e-03,-1.171791e-03) 
 275  (-4.217236e-04,4.304001e-03) 
 276  (-3.725037e-03,-1.892959e-03) 
 277  (2.967927e-03,-2.609933e-03) 
 278  (1.196427e-03,3.463560e-03) 
 279  (-3.325220e-03,-2.290242e-04) 
 280  (1.395835e-03,-2.635728e-03) 
 281  (1.584937e-03,2.101891e-03) 
 282  (-2.260423e-03,4.235956e-04) 
 283  (5.946866e-04,-1.908272e-03) 
 284  (1.189484e-03,1.270532e-03) 
 285  (-1.498173e-03,3.159446e-04) 
 286  (4.874817e-04,-1.281979e-03) 
 287  (7.298689e-04,1.031705e-03) 
 288  (-1.203229e-03,1.451059e-05) 
 289  (6.680922e-04,-9.879024e-04) 
 290  (4.629845e-04,1.142951e-03) 
 291  (-1.295582e-03,-2.299206e-04) 
 292  (9.221357e-04,-1.100006e-03) 
 293  (6.053225e-04,1.447856e-03) 
 294  (-1.697155e-03,-7.859814e-05) 
 295  (8.048476e-04,-1.627625e-03) 
 296  (1.264046e-03,1.429115e-03) 
 297  (-1.842101e-03,6.873726e-04) 
 298  (-1.834619e-05,-1.989634e-03) 
 299  (1.865825e-03,6.227758e-04) 
 300  (-1.138500e-03,1.521327e-03) 
 301  (-1.040288e-03,-1.465672e-03) 
 302  (1.582957e-03,-5.160724e-04) 
 303  (3.174196e-05,1.508048e-03) 
 304  (-1.287934e-03,-3.515058e-04) 
 305  (6.002497e-04,-9.810154e-04) 
 306  (6.443876e-04,7.081323e-04) 
 307  (-6.906346e-04,3.272825e-04) 
 308  (-6.783104e-05,-5.736942e-04) 
 309  (3.863886e-04,1.085783e-04) 
 310  (-1.924702e-04,1.590148e-04) 
 311  (7.011049e-05,-1.764703e-04) 
 312  (5.973893e-05,2.694495e-04) 
 313  (-4.059986e-04,-1.429343e-04) 
 314  (4.040177e-04,-4.447956e-04) 
 315  (3.586277e-04,6.834890e-04) 
 316  (-9.292531e-04,1.419198e-04) 
 317  (1.919717e-04,-1.076827e-03) 
 318  (1.073691e-03,6.024890e-04) 
 319  (-1.020177e-03,8.879545e-04) 
 320  (-5.194960e-04,-1.359408e-03) 
 321  (1.535629e-03,-9.022514e-06) 
 322  (-5.657678e-04,1.486593e-03) 
 323  (-1.191315e-03,-1.097713e-03) 
 324  (1.475002e-03,-6.781276e-04) 
 325  (2.948535e-05,1.608144e-03) 
 326  (-1.450464e-03,-6.308517e-04) 
 327  (1.164341e-03,-1.014077e-03) 
 328  (3.756850e-04,1.454335e-03) 
 329  (-1.424116e-03,-3.317950e-04) 
 330  (9.551585e-04,-1.066619e-03) 
 331  (4.524639e-04,1.348591e-03) 
 332  (-1.409397e-03,-2.848675e-04) 
 333  (9.754233e-04,-1.107202e-03) 
 334  (4.975124e-04,1.452405e-03) 
 335  (-1.586956e-03,-2.885288e-04) 
 336  (1.071799e-03,-1.324881e-03) 
 337  (7.039612e-04,1.664151e-03) 
 338  (-1.911184e-03,-1.513276e-04) 
 339  (1.056291e-03,-1.729615e-03) 
 340  (1.135345e-03,1.808800e-03) 
 341  (-2.227596e-03,2.383071e-04) 
 342  (7.809446e-04,-2.203420e-03) 
 343  (1.724119e-03,1.706301e-03) 
 344  (-2.336866e-03,8.768490e-04) 
 345  (1.692653e-04,-2.534337e-03) 
 346  (2.258492e-03,1.198368e-03) 
 347  (-1.995769e-03,1.568852e-03) 
 348  (-6.155310e-04,-2.401561e-03) 
 349  (2.344552e-03,3.940361e-04) 
 350  (-1.243456e-03,1.856702e-03) 
 351  (-1.063070e-03,-1.756710e-03) 
 352  (1.842252e-03,-1.566633e-04) 
 353  (-6.501781e-04,1.501376e-03) 
 354  (-8.339929e-04,-1.178238e-03) 
 355  (1.316244e-03,-1.290773e-05) 
 356  (-7.614684e-04,1.043858e-03) 
 357  (-4.344266e-04,-1.309759e-03) 
 358  (1.507306e-03,3.594647e-04) 
 359  (-1.157996e-03,1.312437e-03) 
 360  (-7.763667e-04,-1.787158e-03) 
 361  (2.118018e-03,-2.179326e-05) 
 362  (-7.897892e-04,2.095102e-03) 
 363  (-1.744224e-03,-1.496710e-03) 
 364  (1.972447e-03,-1.157170e-03) 
 365  (4.676984e-04,2.155177e-03) 
 366  (-2.052347e-03,-1.846534e-04) 
 367  (6.868719e-04,-1.732083e-03) 
 368  (1.298453e-03,9.758753e-04) 
 369  (-1.047820e-03,8.605900e-04) 
 370  (-5.085467e-04,-9.528551e-04) 
 371  (7.662995e-04,-2.919932e-04) 
 372  (2.100540e-04,5.704708e-04) 
 373  (-4.296575e-04,2.257417e-04) 
 374  (-2.829433e-04,-3.707775e-04) 
 375  (3.804856e-04,-3.256606e-04) 
 376  (3.168993e-04,4.227948e-04) 
 377  (-4.494591e-04,2.583838e-04) 
 378  (-1.788771e-04,-4.215264e-04) 
 379  (3.302622e-04,-1.251359e-04) 
 380  (1.443966e-04,2.014027e-04) 
 381  (-8.741739e-05,2.625970e-04) 
 382  (-4.670119e-04,-5.369803e-05) 
 383  (1.552699e-04,-7.088730e-04) 
 384  (9.088874e-04,4.132287e-04) 
 385  (-8.028001e-04,9.791597e-04) 
 386  (-8.500409e-04,-1.251537e-03) 
 387  (1.652316e-03,-4.940390e-04) 
 388  (-6.094845e-05,1.890012e-03) 
 389  (-1.871783e-03,-7.266244e-04) 
 390  (1.373535e-03,-1.553467e-03) 
 391  (9.589005e-04,1.858575e-03) 
 392  (-2.059305e-03,1.804130e-04) 
 393  (6.374981e-04,-1.907500e-03) 
 394  (1.409410e-03,1.328494e-03) 
 395  (-1.743409e-03,6.502534e-04) 
 396  (2.201072e-04,-1.785935e-03) 
 397  (1.437639e-03,1.020752e-03) 
 398  (-1.580218e-03,7.672215e-04) 
 399  (8.176250e-05,-1.775488e-03) 
 400  (1.559993e-03,9.256316e-04) 
 401  (-1.579240e-03,9.815007e-04) 
 402  (-1.683999e-04,-1.896048e-03) 
 403  (1.804554e-03,7.019252e-04) 
 404  (-1.438872e-03,1.326263e-03) 
 405  (-5.665578e-04,-1.881962e-03) 
 406  (1.939110e-03,3.100021e-04) 
 407  (-1.116472e-03,1.605586e-03) 
 408  (-9.613129e-04,-1.686736e-03) 
 409  (1.913346e-03,-1.499404e-04) 
 410  (-6.556804e-04,1.769381e-03) 
 411  (-1.309960e-03,-1.294092e-03) 
 412  (1.651768e-03,-6.546389e-04) 
 413  (-4.425435e-05,1.686262e-03) 
 414  (-1.430880e-03,-6.393361e-04) 
 415  (1.022361e-03,-9.807110e-04) 
 416  (4.644517e-04,1.146526e-03) 
 417  (-1.032021e-03,9.800919e-06) 
 418  (2.882756e-04,-7.544117e-04) 
 419  (4.197541e-04,3.883295e-04) 
 420  (-3.075345e-04,1.336024e-04) 
 421  (2.752918e-05,-1.107924e-04) 
 422  (-1.122642e-04,3.463099e-05) 
 423  (8.996311e-05,-2.754547e-04) 
 424  (3.213907e-04,2.836892e-04) 
 425  (-4.659615e-04,2.370044e-04) 
 426  (-5.522258e-05,-5.646325e-04) 
 427  (5.388780e-04,1.572840e-04) 
 428  (-3.223927e-04,3.919150e-04) 
 429  (-1.700096e-04,-3.761416e-04) 
 430  (2.900151e-04,5.179649e-05) 
 431  (-1.930159e-04,8.152329e-05) 
 432  (1.891967e-04,-1.932788e-04) 
 433  (3.260712e-05,4.359712e-04) 
 434  (-5.717433e-04,-2.597156e-04) 
 435  (6.106424e-04,-5.351113e-04) 
 436  (3.105446e-04,9.221363e-04) 
 437  (-1.098286e-03,-6.379955e-05) 
 438  (5.033754e-04,-1.073286e-03) 
 439  (8.323125e-04,8.982058e-04) 
 440  (-1.142164e-03,4.190661e-04) 
 441  (7.271859e-05,-1.162746e-03) 
 442  (9.430646e-04,5.221106e-04) 
 443  (-8.124634e-04,5.296623e-04) 
 444  (-2.335136e-05,-8.632601e-04) 
 445  (6.536616e-04,4.451280e-04) 
 446  (-7.486654e-04,2.310445e-04) 
 447  (2.983728e-04,-7.978638e-04) 
 448  (5.665145e-04,7.950119e-04) 
 449  (-1.121351e-03,1.013274e-04) 
 450  (4.872524e-04,-1.178241e-03) 
 451  (9.325418e-04,1.051388e-03) 
 452  (-1.443014e-03,4.284670e-04) 
 453  (2.209181e-04,-1.552423e-03) 
 454  (1.338231e-03,8.604938e-04) 
 455  (-1.331788e-03,8.406151e-04) 
 456  (-1.738306e-04,-1.513881e-03) 
 457  (1.355971e-03,5.007182e-04) 
 458  (-1.014497e-03,8.928963e-04) 
 459  (-2.390941e-04,-1.235038e-03) 
 460  (1.101291e-03,4.381043e-04) 
 461  (-9.596245e-04,6.418291e-04) 
 462  (2.926590e-05,-1.180155e-03) 
 463  (1.026554e-03,7.384417e-04) 
 464  (-1.294660e-03,5.192073e-04) 
 465  (2.295487e-04,-1.537168e-03) 
 466  (1.377199e-03,1.040174e-03) 
 467  (-1.708277e-03,8.229934e-04) 
 468  (1.853182e-05,-2.054454e-03) 
 469  (1.969448e-03,9.644481e-04) 
 470  (-1.797801e-03,1.443356e-03) 
 471  (-5.713512e-04,-2.319025e-03) 
 472  (2.394422e-03,4.659263e-04) 
 473  (-1.443035e-03,1.989855e-03) 
 474  (-1.181269e-03,-2.141939e-03) 
 475  (2.403355e-03,-1.391684e-04) 
 476  (-9.095183e-04,2.164927e-03) 
 477  (-1.477013e-03,-1.733318e-03) 
 478  (2.149586e-03,-4.921613e-04) 
 479  (-5.693014e-04,2.066756e-03) 
 480  (-1.505506e-03,-1.469510e-03) 
 481  (2.007283e-03,-5.938974e-04) 
 482  (-4.622247e-04,2.063616e-03) 
 483  (-1.627896e-03,-1.426480e-03) 
 484  (2.085634e-03,-7.989455e-04) 
 485  (-2.389802e-04,2.297149e-03) 
 486  (-2.019687e-03,-1.259227e-03) 
 487  (2.044442e-03,-1.319855e-03) 
 488  (3.542058e-04,2.434753e-03) 
 489  (-2.361396e-03,-6.686373e-04) 
 490  (1.536364e-03,-1.858455e-03) 
 491  (1.050775e-03,2.080291e-03) 
 492  (-2.210690e-03,1.217469e-04) 
 493  (7.307008e-04,-1.932429e-03) 
 494  (1.338184e-03,1.339135e-03) 
 495  (-1.602113e-03,5.818896e-04) 
 496  (1.603009e-04,-1.502318e-03) 
 497  (1.104011e-03,7.316747e-04) 
 498  (-1.029205e-03,5.316343e-04) 
 499  (6.420319e-05,-1.022671e-03) 
 500  (7.550223e-04,5.443537e-04) 
 501  (-8.130200e-04,3.251297e-04) 
 502  (1.416506e-04,-8.364792e-04) 
 503  (6.449134e-04,5.269767e-04) 
 504  (-7.484014e-04,3.180658e-04) 
 505  (4.051577e-05,-7.766271e-04) 
 506  (6.374894e-04,3.332380e-04) 
 507  (-4.941933e-04,3.991668e-04) 
 508  (-1.489408e-04,-5.043057e-04) 
 509  (3.924491e-04,3.363666e-05) 
 510  (-9.966710e-05,2.229849e-04) 
 511  (-7.379353e-05,-4.378261e-05) 
 512  (-9.622328e-05,-1.130059e-05) 
 513  (6.962051e-05,-2.525017e-04) 
 514  (3.490054e-04,2.396411e-04) 
 515  (-4.710368e-04,3.257733e-04) 
 516  (-1.587211e-04,-6.866027e-04) 
 517  (8.049137e-04,1.307139e-04) 
 518  (-4.789442e-04,7.650169e-04) 
 519  (-5.462705e-04,-7.959469e-04) 
 520  (9.892807e-04,-1.776847e-04) 
 521  (-2.661306e-04,9.900599e-04) 
 522  (-7.738967e-04,-6.817647e-04) 
 523  (9.625087e-04,-3.710194e-04) 
 524  (-1.375096e-04,1.026136e-03) 
 525  (-8.377930e-04,-6.369969e-04) 
 526  (1.005792e-03,-4.219380e-04) 
 527  (-1.400921e-04,1.144970e-03) 
 528  (-1.003676e-03,-7.267201e-04) 
 529  (1.203263e-03,-5.936961e-04) 
 530  (-1.057666e-05,1.453177e-03) 
 531  (-1.405908e-03,-6.871249e-04) 
 532  (1.292904e-03,-1.054588e-03) 
 533  (4.592056e-04,1.695888e-03) 
 534  (-1.805041e-03,-2.656776e-04) 
 535  (9.758644e-04,-1.591156e-03) 
 536  (1.093668e-03,1.529344e-03) 
 537  (-1.817591e-03,4.118741e-04) 
 538  (3.173157e-04,-1.789101e-03) 
 539  (1.459835e-03,9.498512e-04) 
 540  (-1.366119e-03,9.083374e-04) 
 541  (-2.569238e-04,-1.496375e-03) 
 542  (1.334338e-03,3.564389e-04) 
 543  (-8.089100e-04,9.361592e-04) 
 544  (-4.054067e-04,-1.019082e-03) 
 545  (9.629494e-04,1.320089e-04) 
 546  (-5.568771e-04,6.762612e-04) 
 547  (-2.432489e-04,-7.828635e-04) 
 548  (7.739206e-04,2.250836e-04) 
 549  (-6.176250e-04,5.493134e-04) 
 550  (-1.756949e-04,-8.483571e-04) 
 551  (8.743035e-04,2.512668e-04) 
 552  (-6.308597e-04,7.024162e-04) 
 553  (-3.843955e-04,-8.809587e-04) 
 554  (9.557542e-04,-1.354924e-06) 
 555  (-3.574282e-04,8.537156e-04) 
 556  (-6.144734e-04,-6.162419e-04) 
 557  (7.298909e-04,-3.060508e-04) 
 558  (6.139730e-06,6.920604e-04) 
 559  (-5.335908e-04,-2.176354e-04) 
 560  (3.235472e-04,-3.117243e-04) 
 561  (9.355941e-05,3.040127e-04) 
 562  (-1.846707e-04,-6.179271e-05) 
 563  (1.177730e-04,-1.509194e-05) 
 564  (-1.460155e-04,6.816424e-05) 
 565  (6.348740e-05,-2.469905e-04) 
 566  (2.565431e-04,2.321887e-04) 
 567  (-3.849661e-04,1.709161e-04) 
 568  (-1.333718e-05,-4.756887e-04) 
 569  (4.772772e-04,1.737023e-04) 
 570  (-3.409564e-04,3.881943e-04) 
 571  (-2.317452e-04,-4.461724e-04) 
 572  (4.653486e-04,-4.868441e-05) 
 573  (-1.146176e-04,3.985727e-04) 
 574  (-2.690674e-04,-2.190850e-04) 
 575  (2.433835e-04,-1.159375e-04) 
 576  (-1.720248e-05,1.891356e-04) 
 577  (-7.962791e-05,-9.448459e-05) 
 578  (9.752987e-05,4.746026e-05) 
 579  (-1.511556e-04,3.004147e-05) 
 580  (8.392621e-05,-1.989521e-04) 
 581  (1.759353e-04,2.074338e-04) 
!  
